5
500 500
58 188
262 308
241 360
255 331
87 446
302 491
16 377
472 481
72 357
308 313
272 364
203 354
54 76
424 459
373 458
87 142
333 390
132 448
16 449
399 406
193 315
233 390
350 461
100 297
328 482
233 434
439 486
341 468
413 476
368 403
488 498
198 293
445 491
169 495
207 220
226 484
65 292
260 386
177 243
147 261
77 215
113 414
451 457
110 405
71 135
1 341
331 360
105 476
427 438
133 429
156 352
24 138
299 487
202 345
50 115
123 328
167 283
224 434
415 488
389 478
50 78
175 434
162 283
388 447
250 309
289 413
69 284
73 294
404 411
314 350
304 461
173 199
484 489
338 439
295 404
57 495
67 395
333 491
422 454
22 192
379 490
39 230
376 459
323 352
281 382
23 384
457 497
415 452
109 233
471 476
425 462
187 213
310 475
26 360
219 355
83 228
370 457
271 423
498 500
435 479
275 406
426 445
127 345
57 343
163 409
349 456
308 380
255 406
269 363
360 478
174 417
273 314
492 498
231 277
38 76
204 474
174 296
376 407
54 155
456 478
291 327
69 316
98 473
354 484
107 272
189 266
488 496
247 263
6 26
95 461
479 483
309 440
339 494
3 26
11 171
184 238
218 453
108 329
159 163
264 317
318 442
71 350
462 474
247 476
297 360
451 488
234 336
184 470
7 73
19 142
35 295
154 367
393 409
402 495
478 489
373 489
217 446
457 465
138 284
164 174
91 403
302 305
135 151
449 474
201 235
465 489
338 353
258 365
324 391
305 344
159 377
157 239
396 438
465 466
332 450
167 397
329 496
241 302
212 455
177 457
75 138
30 489
130 347
87 288
85 369
342 370
114 270
132 258
107 465
93 403
77 393
334 463
335 414
247 380
54 142
89 484
167 397
302 309
300 387
467 479
234 329
76 444
375 384
475 484
67 262
413 423
498 500
303 336
204 457
401 434
17 338
99 243
368 454
475 488
56 79
296 432
491 500
157 175
478 486
274 362
299 493
277 442
207 394
52 374
59 114
307 346
363 473
276 462
5 326
305 431
218 409
306 458
194 459
96 449
377 417
123 491
481 492
31 139
220 259
413 453
206 219
429 454
194 330
320 326
27 483
468 477
396 462
466 485
282 365
51 292
410 448
208 488
264 421
268 292
203 413
334 460
493 498
318 373
447 479
369 493
206 395
386 393
332 393
418 433
19 390
420 426
52 336
290 298
484 497
418 462
488 492
381 440
368 469
363 384
433 456
383 472
54 209
181 310
218 332
408 435
117 250
432 495
195 210
279 497
141 465
329 366
239 304
400 431
311 458
164 302
367 439
369 445
451 466
74 242
54 260
30 434
261 280
204 362
282 293
263 337
297 408
194 270
495 500
361 395
159 446
48 201
3 160
324 368
189 250
212 456
432 482
431 492
390 448
483 495
170 216
478 490
427 442
56 188
34 284
76 387
278 438
213 287
164 294
474 485
5 286
89 359
201 439
256 500
381 479
13 470
113 246
275 436
79 166
200 254
96 434
422 456
1 6
12 206
484 496
433 459
482 489
488 489
474 490
232 420
11 157
8 453
296 463
174 496
103 156
441 491
251 439
397 425
454 461
487 494
113 316
491 495
421 423
475 494
267 409
333 353
452 468
89 248
382 442
369 482
392 481
104 380
275 284
83 218
181 426
212 398
368 402
342 349
385 474
471 487
297 393
56 294
290 425
408 490
399 400
399 444
68 318
56 149
166 235
98 489
29 411
227 415
34 232
21 399
391 496
6 22
180 208
447 461
165 382
57 171
24 200
336 452
105 126
114 452
411 470
336 429
69 381
112 243
211 328
159 444
240 331
170 241
27 453
171 414
140 483
454 461
472 488
489 497
157 204
74 443
337 493
255 267
392 492
222 277
426 478
10 28
128 253
336 424
27 88
331 441
360 471
104 411
262 380
490 498
137 330
463 476
63 132
309 315
317 438
318 489
78 142
9 30
357 379
396 488
197 251
361 373
112 444
495 497
344 386
45 104
201 264
50 485
348 406
58 446
429 477
482 494
109 422
203 250
245 476
270 304
24 228
405 438
38 234
471 499
445 447
14 405
316 392
103 290
326 455
469 497
291 307
347 494
72 302
21 342
364 385
79 494
169 484
66 276
149 205
299 370
221 340
376 477
137 372
463 479
492 498
429 472
345 440
230 364
121 160
32 97
94 445
229 347
110 385
486 493
420 461
211 298
462 471
1 353
344 454
286 382
414 449
320 352
14 159
361 380
133 205
373 393
500 500
59 482
93 236
25 450
129 271
381 406
386 442
262 299
20 489
351 407
184 277
125 174
361 409
288 444
74 484
477 496
334 428
476 488
498 499
365 463
124 490
188 248
435 480
288 302
357 470
307 358
481 490
13 254
146 382
236 303
446 484
138 433
448 468
378 477
3 143
436 469
78 449
239 496
14 374
269 414
314 430
135 359
152 462
11 250
187 444
83 370
123 280
299 305
169 211
54 350
415 446
362 491
241 422
371 476
227 312
454 490
325 467
113 367
43 229
116 327
457 496
123 456
321 448
10 472
156 271
358 372
135 436
283 437
40 253
216 483
310 379
153 335
439 474
62 147
471 484
172 225
303 342
32 205
239 388
358 440
248 253
252 295
256 457
195 289
96 373
352 495
7 399
158 476
286 377
264 408
25 57
139 213
430 499
251 298
309 479
205 425
319 473
289 416
372 431
478 486
218 272
167 363
289 474
105 285
471 475
116 325
395 407
9 302
280 372
409 482
167 464
195 415
285 333
465 476
39 213
317 472
111 402
122 439
355 497
443 493
223 240
372 428
384 478
16 212
183 385
419 495
381 451
461 480
48 51
155 213
354 446
94 209
372 410
310 430
405 490
489 493
129 350
154 403
163 225
301 361
103 381
473 478
179 256
206 456
370 390
35 353
2 177
276 453
342 410
471 482
429 488
159 182
100 336
40 264
47 135
104 402
64 150
331 416
364 486
122 443
329 339
190 424
409 415
281 481
115 228
475 488
221 462
78 352
193 479
238 448
154 448
240 458
140 190
464 465
217 420
74 215
431 435
265 272
320 436
288 330
25 315
232 319
477 479
294 411
34 218
191 369
142 447
390 391
288 453
285 456
358 397
108 143
95 286
428 450
339 480
195 423
26 317
420 455
403 457
87 382
290 473
273 297
448 454
245 255
420 467
99 200
354 364
174 256
378 461
488 490
451 470
114 329
251 354
9 297
319 464
267 436
314 460
375 404
239 380
333 384
44 424
35 267
466 489
103 415
37 445
419 425
117 281
62 100
123 206
155 475
397 494
192 273
332 500
305 447
404 463
432 447
102 330
280 344
46 60
174 237
305 467
174 194
184 381
9 131
227 481
287 420
439 477
18 254
382 464
179 330
81 290
444 481
228 251
203 294
211 480
151 423
391 463
307 410
356 485
3 125
435 492
90 400
59 240
244 494
2 152
231 329
424 443
30 61
476 491
76 411
376 457
399 489
170 322
187 218
78 252
53 416
262 344
213 438
430 474
80 165
196 483
476 500
327 440
261 335
309 325
494 496
275 314
68 104
355 425
179 448
43 98
51 209
313 354
176 362
342 485
381 403
299 467
243 492
151 152
326 435
340 452
213 492
1 264
355 419
215 307
243 361
489 490
306 314
372 443
483 490
216 221
84 204
198 420
289 474
449 470
341 455
399 400
86 420
115 300
441 475
430 500
424 492
86 164
470 494
225 258
282 387
176 235
201 234
79 80
151 154
68 171
51 138
47 462
497 500
165 321
186 213
230 281
27 485
322 479
418 481
32 54
457 496
80 222
205 332
248 365
94 296
186 224
271 304
49 175
31 232
210 345
107 208
84 323
220 413
12 405
127 497
289 417
493 500
85 281
409 433
241 300
476 493
309 441
186 275
448 450
23 274
62 399
205 208
188 224
234 290
13 79
480 481
67 498
488 491
88 500
115 381
395 483
123 149
58 238
87 495
434 454
249 464
218 223
113 475
495 499
212 351
450 481
278 474
405 466
79 222
385 428
166 231
140 392
440 490
107 435
10 295
465 492
175 466
190 213
169 341
411 445
155 467
218 461
489 492
280 432
64 310
208 432
462 496
59 285
283 480
361 465
115 122
406 473
490 494
199 499
372 408
155 219
282 352
274 419
498 499
343 462
378 421
424 448
126 354
242 384
280 460
313 467
335 421
205 350
361 492
133 155
226 452
205 215
71 492
351 442
420 475
374 389
499 500
1 457
230 316
230 400
243 381
443 455
424 460
88 367
425 497
388 429
312 318
404 495
476 494
286 445
228 445
157 196
250 399
487 499
103 202
410 425
169 476
421 487
456 467
96 364
367 487
43 212
129 463
487 498
471 496
248 465
305 335
233 491
262 353
117 428
245 261
44 91
324 401
134 359
368 466
222 425
332 447
14 242
487 492
247 447
349 378
16 187
284 491
182 465
37 479
6 472
38 276
364 403
161 288
51 189
431 457
256 477
340 430
166 379
224 318
153 294
207 414
275 372
2 323
128 177
500 500
161 275
405 487
25 329
44 203
202 438
432 446
255 332
85 281
293 376
235 268
432 490
93 218
57 383
151 498
435 491
344 487
248 270
308 460
80 306
134 308
71 198
340 399
25 289
48 330
146 198
32 423
162 395
256 443
298 365
468 493
65 436
438 458
222 313
173 457
53 445
182 423
78 383
499 500
239 472
97 119
360 471
423 438
305 316
335 449
485 489
3 435
344 394
164 193
155 313
183 282
377 408
152 199
5 361
250 490
434 478
147 283
202 283
256 350
93 416
42 330
283 348
216 371
14 245
422 479
179 347
436 480
213 399
243 485
329 427
300 437
383 480
16 27
39 42
265 323
104 469
136 417
137 222
146 481
323 337
375 397
120 454
438 439
363 480
467 483
211 481
294 496
391 482
471 473
427 487
59 347
131 320
492 500
294 308
347 496
86 477
398 445
131 406
214 385
207 346
367 482
407 442
54 58
128 205
491 499
69 490
6 374
245 447
435 453
451 476
212 365
464 483
306 381
445 479
15 194
268 307
296 336
466 473
169 350
204 213
154 297
484 496
325 491
66 248
18 282
364 480
339 444
281 317
338 469
424 443
485 487
165 312
87 459
445 455
82 364
273 353
119 425
414 417
392 416
411 498
261 479
295 498
183 406
261 396
388 415
441 498
371 408
63 130
197 291
151 286
11 447
186 219
32 134
174 342
104 201
443 492
110 187
259 273
195 234
389 415
282 498
5 16
257 487
32 71
334 435
26 216
127 247
159 422
36 296
138 496
319 327
262 489
231 462
276 290
353 447
51 455
261 418
152 295
112 158
10 45
196 447
475 495
51 279
322 380
27 402
60 460
146 249
99 275
440 443
417 478
449 491
72 435
20 427
277 360
299 441
159 318
438 481
381 465
3 356
69 398
78 468
86 281
234 244
218 284
193 404
262 484
376 413
5 43
323 441
68 419
195 333
495 500
3 388
299 442
27 476
148 301
369 494
441 458
129 396
265 438
65 420
358 377
364 422
219 369
127 497
478 500
67 205
244 369
179 237
43 471
19 101
385 460
386 409
121 449
58 352
163 351
380 495
224 480
208 238
114 188
28 103
30 413
458 500
85 189
250 483
344 400
308 311
428 494
481 498
208 362
423 436
20 125
81 457
340 363
318 340
135 323
482 490
100 380
396 472
404 405
178 205
196 407
309 465
482 498
208 441
457 491
140 358
229 242
222 473
365 472
426 468
236 240
33 281
294 295
223 446
401 433
235 334
413 493
397 402
165 364
18 330
417 473
425 468
344 349
370 443
273 320
77 125
175 288
431 485
208 414
22 337
48 470
223 375
3 43
213 403
277 465
221 486
366 387
362 416
255 414
461 491
151 263
84 248
300 495
295 489
165 388
483 488
206 223
355 361
455 479
465 474
264 457
170 173
416 428
124 254
244 292
391 392
267 457
238 360
424 425
7 27
374 476
140 361
276 286
289 399
406 469
445 455
37 174
255 432
114 450
215 310
78 215
187 360
317 336
152 296
160 243
164 400
161 446
362 467
252 455
400 467
398 417
325 475
160 453
6 103
206 430
452 470
373 426
441 467
34 222
225 235
176 200
9 388
188 314
112 409
52 174
485 486
373 408
80 465
479 493
129 301
469 496
17 124
63 341
258 273
257 262
95 207
372 375
465 472
95 247
302 446
356 450
139 309
41 404
126 364
208 402
362 427
206 429
273 422
361 428
23 289
254 363
166 366
426 434
133 225
182 412
458 495
263 305
153 235
294 346
313 404
366 413
254 278
155 472
28 49
55 452
37 49
337 342
485 498
195 476
356 370
159 475
283 310
494 495
352 450
231 404
274 315
417 431
190 497
187 466
53 205
123 251
412 486
18 408
235 496
334 456
240 314
394 411
3 197
227 471
412 456
66 182
297 335
490 497
93 363
42 498
39 220
74 500
413 416
330 368
393 441
93 269
419 493
296 323
405 433
255 300
132 388
209 245
177 330
495 500
66 446
190 460
152 186
64 288
146 324
47 370
170 354
114 456
26 380
26 440
209 263
187 381
362 374
102 119
330 436
94 309
457 476
152 305
358 455
366 474
172 246
14 197
288 463
348 449
48 467
191 250
31 419
360 459
282 348
224 431
10 175
465 488
252 489
140 150
86 383
12 349
39 91
480 487
220 407
353 388
329 456
206 390
431 458
297 433
412 441
289 479
172 372
107 314
81 169
90 312
235 388
352 361
263 388
90 179
398 399
486 489
459 492
103 182
443 445
441 468
324 383
500 500
299 425
211 261
301 394
274 358
205 236
431 489
419 429
87 491
336 364
204 408
296 464
262 470
261 484
43 167
145 347
94 349
210 434
258 429
428 471
141 449
92 431
184 362
208 417
79 387
321 348
306 330
82 318
201 255
185 500
170 444
251 398
119 207
109 457
142 436
432 433
17 336
343 450
466 483
471 477
184 479
50 56
136 289
321 327
29 130
455 477
37 497
87 261
498 500
294 322
56 213
326 331
181 235
317 469
452 459
194 396
156 223
214 320
262 455
263 432
25 236
434 486
75 185
112 156
290 311
470 498
204 338
148 427
470 496
486 494
152 312
462 467
335 347
74 334
436 469
394 446
445 464
367 489
289 355
424 489
15 110
7 197
363 377
399 460
34 210
250 469
408 472
395 465
85 200
244 480
275 370
93 200
100 229
495 496
244 497
386 431
223 439
156 291
324 476
192 498
60 397
158 235
393 474
488 492
340 357
110 405
455 476
317 407
223 349
121 328
283 418
229 241
491 500
253 347
106 162
388 400
409 476
466 488
242 274
142 206
468 488
463 468
342 433
163 364
14 493
163 449
103 314
68 397
242 433
487 498
11 249
273 360
12 431
174 338
171 342
269 486
456 467
349 473
75 461
58 189
31 46
105 332
351 361
266 303
148 149
369 402
13 302
466 493
258 474
349 427
437 450
490 499
458 487
302 458
333 355
104 166
496 498
329 445
249 431
326 331
330 468
272 434
101 405
394 448
350 430
29 373
168 475
100 256
152 449
328 393
308 416
496 499
200 464
317 318
351 482
443 493
467 496
314 368
422 460
265 389
350 460
108 201
219 430
63 127
257 277
256 386
383 418
14 24
181 214
423 428
90 316
244 424
45 100
494 500
484 491
415 436
273 297
429 443
260 370
370 457
432 458
212 411
349 471
113 465
140 479
462 478
302 405
325 438
419 438
20 401
493 494
340 443
383 446
68 494
454 479
445 456
318 343
241 472
452 460
172 346
479 485
349 381
193 422
362 433
350 494
63 345
152 316
228 287
165 376
296 454
336 479
202 500
39 450
1 434
303 342
338 373
246 431
239 292
192 239
460 465
396 415
462 468
242 288
73 137
300 485
230 272
274 413
170 201
360 470
225 342
280 484
284 418
132 369
90 484
71 208
390 407
211 345
158 372
268 428
193 211
294 363
277 389
64 250
222 480
39 98
96 452
463 468
4 433
371 415
274 367
332 429
407 419
19 110
397 419
321 391
233 365
106 336
22 360
186 368
341 457
142 338
85 254
466 480
23 327
100 337
487 499
387 469
458 478
60 361
375 410
277 414
103 151
195 258
22 406
63 97
36 188
229 240
13 414
133 426
168 215
421 453
442 448
400 432
7 60
276 423
398 485
128 458
399 409
28 360
201 395
140 477
442 458
7 86
233 312
297 376
217 331
36 38
296 297
19 146
133 446
460 494
107 169
1 146
432 494
226 449
175 188
170 437
297 340
184 347
63 247
76 106
206 338
273 431
468 489
126 313
447 458
63 298
250 326
50 440
445 463
389 409
431 467
263 429
46 128
103 247
337 451
484 498
257 437
121 248
411 458
76 235
63 99
426 494
163 378
455 478
373 497
64 344
259 346
202 345
285 449
161 320
460 483
204 234
457 490
422 436
460 465
36 472
427 497
251 321
111 465
469 474
99 408
439 463
271 365
346 392
6 66
197 374
332 490
375 376
326 388
481 494
74 267
23 75
378 409
205 313
15 231
354 359
407 499
36 400
314 412
62 226
400 418
117 428
250 378
72 434
256 266
274 433
474 488
230 447
19 239
199 266
322 458
164 227
185 217
303 490
30 218
308 457
119 355
487 498
29 367
394 407
326 433
47 172
133 376
7 368
159 392
348 415
367 486
159 260
57 186
401 496
174 178
335 421
202 336
172 430
79 454
356 458
401 469
175 450
281 359
1 10
127 447
32 353
219 481
250 335
455 462
30 438
411 430
157 371
142 321
486 495
465 500
370 389
217 360
348 398
284 399
442 476
64 285
133 439
136 210
494 497
480 494
347 484
371 435
204 226
388 459
148 202
323 324
428 500
491 492
463 484
355 496
469 485
386 464
86 301
97 367
440 459
224 229
456 495
430 483
185 481
25 407
203 497
480 498
36 383
306 349
34 391
270 441
99 170
395 439
433 484
60 467
37 299
420 493
456 490
196 277
468 488
87 413
45 500
379 415
85 173
252 285
216 489
451 492
371 499
342 372
372 403
118 156
219 230
146 242
202 435
500 500
349 373
109 434
114 124
332 413
86 121
288 341
336 410
108 297
364 414
282 448
453 498
491 492
51 421
130 137
136 183
259 324
247 476
480 496
192 414
252 330
490 500
208 447
443 446
194 467
34 120
327 498
307 335
1 422
327 487
357 449
109 130
269 401
484 497
491 496
265 377
321 469
256 395
435 492
35 324
177 454
352 362
15 226
135 226
353 362
82 231
154 369
346 365
414 495
473 477
134 277
366 413
304 420
264 300
187 320
424 496
52 422
414 466
181 486
191 492
144 446
55 372
348 485
430 480
447 479
232 379
188 260
101 126
107 174
247 313
411 464
232 357
32 371
84 345
374 484
258 326
306 388
173 483
45 429
441 463
194 384
413 415
475 493
410 444
347 356
241 360
202 287
52 150
238 465
226 404
79 169
138 184
449 458
327 364
308 441
81 201
217 290
239 365
390 409
23 309
134 443
351 494
457 496
117 359
90 111
139 167
236 391
299 417
416 436
277 339
377 389
255 348
238 410
327 353
140 188
74 87
430 500
305 393
243 328
110 400
311 446
470 488
243 473
88 202
448 487
131 383
162 285
169 289
480 482
424 480
440 468
222 341
449 480
459 481
411 445
76 94
141 200
156 235
169 416
478 498
8 296
494 500
224 256
173 454
247 297
393 457
112 478
385 452
232 422
143 496
358 415
375 456
439 458
30 136
345 361
402 469
461 469
449 477
36 295
418 480
235 335
368 400
304 430
330 397
33 56
164 451
121 254
182 500
312 326
354 366
289 326
392 466
192 215
413 460
389 468
323 412
353 407
489 496
43 403
385 455
32 261
466 479
61 490
199 374
489 498
214 498
42 225
104 398
349 464
288 305
74 223
485 495
194 234
177 474
177 483
288 393
387 410
83 178
97 153
398 414
362 394
216 371
159 224
18 385
185 291
353 362
222 238
53 188
159 394
215 337
255 381
472 473
435 490
266 328
147 450
413 441
389 427
237 391
212 384
451 473
447 484
123 172
202 255
371 442
66 257
388 397
264 278
15 48
257 288
127 448
403 412
122 271
337 396
314 316
176 218
413 427
456 469
489 493
42 208
332 455
101 264
215 456
204 435
274 370
74 318
407 477
218 467
147 271
341 446
16 417
404 426
473 488
318 489
280 387
203 275
119 381
303 475
385 463
183 199
195 209
378 393
352 497
307 329
45 434
415 465
489 500
160 282
145 278
109 388
246 437
309 423
302 491
32 478
269 334
295 307
269 410
472 484
428 461
94 270
302 450
58 343
5 297
283 299
148 263
5 372
5 78
317 389
486 493
83 466
42 377
323 495
169 334
224 371
282 447
32 438
229 499
462 471
53 386
2 310
358 445
235 344
300 353
113 426
363 431
12 383
145 256
325 441
259 299
71 99
207 240
89 406
109 309
59 458
95 253
106 418
71 93
491 495
37 122
358 372
477 481
124 245
124 274
288 294
496 500
409 477
292 387
224 269
145 237
87 159
323 398
443 467
475 484
128 468
61 268
142 165
460 466
242 362
291 433
48 489
268 407
93 318
456 471
194 337
271 323
230 406
48 369
144 370
355 395
399 479
103 288
269 461
320 329
474 486
87 284
448 466
79 198
317 495
277 416
10 52
286 453
90 444
85 222
444 480
411 425
15 405
80 278
296 423
169 408
235 343
135 345
282 453
12 54
497 498
152 317
214 229
482 498
446 496
259 293
313 433
83 384
408 420
142 441
289 326
345 458
129 411
173 273
50 345
271 444
59 410
410 435
138 364
7 265
173 485
190 281
245 339
264 276
37 133
483 493
223 324
95 353
177 319
304 386
368 488
407 442
286 407
160 330
367 419
116 419
245 449
156 423
280 449
300 353
314 346
353 390
1 296
152 173
155 419
359 418
343 474
93 275
279 309
389 438
276 471
457 494
192 404
56 401
27 277
371 416
82 440
206 284
102 143
274 415
313 382
214 314
354 472
203 252
488 497
440 481
57 217
366 455
476 492
230 326
421 439
142 217
375 447
403 478
168 230
77 236
119 397
388 445
206 464
177 449
75 350
419 491
336 390
80 149
211 396
129 226
54 296
288 498
297 442
243 478
485 496
177 294
28 489
82 287
177 191
101 262
362 369
364 386
457 492
258 436
484 491
133 352
346 477
101 354
85 372
456 475
58 271
412 495
62 264
162 445
26 417
372 465
391 452
240 371
196 294
253 352
219 464
61 116
406 420
316 421
207 456
118 268
496 500
148 261
218 291
481 491
37 228
74 305
61 164