1773 119312 6 100
1517 69 12074
1019 1727 171167
306 856 81763
1585 1423 5609
51 405 187645
278 147 26440
1046 1060 199302
520 238 43719
623 1634 5609
629 743 48867
1149 100 163487
1347 1491 87243
387 1158 78853
642 311 60514
398 13 163487
73 1027 129795
1679 1155 122971
456 1026 183317
616 856 154045
1343 505 136221
709 925 82750
700 1188 136296
1038 1247 147164
808 584 178819
347 818 38657
98 1213 171167
1685 245 122971
1290 515 73006
289 1070 173885
1282 828 31159
793 460 29441
228 823 91223
1010 1144 61233
199 1648 29441
1386 1395 83796
10 681 95614
1628 245 143504
90 26 162879
1137 168 57850
604 89 185698
1257 1030 99111
1233 1311 5147
624 945 82750
458 1176 119312
719 959 153359
696 1011 168051
911 1047 193939
1756 42 171167
1600 799 31159
638 1339 171167
434 1435 91394
537 818 48946
1602 224 71526
1299 656 27155
1396 168 73006
937 123 173885
226 925 55729
996 1285 95614
391 1502 115043
1415 265 169385
439 1424 184546
149 1063 157986
40 1402 142317
685 42 76752
190 1710 126896
417 122 122971
1259 1344 122402
938 1416 48439
1747 770 143504
1176 1213 162879
1028 499 181997
56 1434 91700
1537 1037 111323
995 1514 26162
247 1047 175300
162 577 196469
4 1475 3675
1637 1555 372
1485 1118 180516
1294 1686 11673
587 1720 115043
370 1467 91223
1378 144 61233
380 492 43332
1260 1344 111323
980 710 17350
720 1484 27155
1477 485 91223
921 1266 97096
528 1590 133185
828 831 91223
1168 1118 5147
1364 522 133185
728 1471 151951
382 1665 17350
1337 1274 23475
1227 976 151951
1404 918 372
787 1026 63026
1598 981 188708
1379 1409 128065
1109 1167 122882
1100 508 2308
39 1421 191884
1718 142 107980
80 546 3607
610 363 152121
1112 353 82750
1192 174 187334
591 1410 3768
1731 1711 129795
61 613 133185
932 466 18290
841 1595 178819
511 22 132567
1546 122 143334
902 1663 87243
1056 83 132567
415 311 130793
1372 386 139841
1217 940 164992
900 918 178560
923 339 147164
835 1039 115776
967 1561 5609
1238 649 115776
1696 254 98110
796 1046 81763
506 1090 43332
1610 1550 91700
1018 730 129524
329 475 71526
381 1218 153359
952 868 126896
1565 773 60214
472 1518 82750
1754 1460 48439
1296 1524 87243
851 1742 46375
1655 1147 143504
908 699 162879
775 1556 178560
1171 90 117650
1427 1660 126896
1421 719 36887
427 1373 48946
1425 1304 137448
1165 1654 148303
609 1467 191884
1533 936 138805
550 811 117650
390 177 173885
116 218 162158
574 563 82711
1609 1745 157986
1626 722 55729
1158 806 36887
166 664 197322
830 1247 181115
249 1518 682
813 1627 122971
120 1054 52547
1652 1141 13288
1034 1361 35249
675 1503 101437
1462 796 52673
1051 329 31159
655 548 5147
598 1268 152911
869 104 60514
109 1095 153359
363 1434 28208
1187 1064 194175
77 71 12809
1272 1462 82711
1329 634 147164
556 1736 48946
1737 1673 124537
333 696 101209
763 94 97429
942 1576 136221
608 87 67386
1605 838 98811
1442 283 192525
1702 1190 148500
1672 1545 152911
1323 527 193939
1082 1770 147164
1338 1220 157550
1210 1167 59100
991 1723 11083
239 371 128581
800 216 110799
619 122 128065
1631 87 178819
1743 765 29441
1298 992 76752
1742 838 102158
1229 195 182421
785 201 52547
1295 252 135260
1433 1064 31159
625 337 199302
1710 1353 70135
1633 999 82750
810 205 372
276 1212 56543
1592 212 115776
321 650 98110
1254 129 169385
1745 925 82711
1568 541 168051
66 802 14047
1293 1288 178819
661 334 87243
1551 1320 175300
541 1666 197312
1321 976 23475
695 26 7841
204 149 180516
1161 57 73006
1184 1763 26162
1486 940 181997
327 1130 3607
451 739 106399
474 622 129848
1445 567 85304
65 1420 57850
133 20 372
1360 902 91394
229 1434 142317
1646 1736 35249
530 1421 129524
1068 1082 12074
1091 1339 5147
374 1343 682
1447 81 152911
1725 221 188942
81 509 55729
555 272 82750
596 396 2308
1623 761 178560
186 1235 29441
737 281 129266
1454 1283 57523
364 1149 78500
1382 75 97429
948 1410 117650
1060 715 48946
1115 616 151951
961 1748 48946
496 876 173885
143 1656 955
1428 662 95592
30 1332 87243
163 383 155275
917 1133 70135
1439 142 14047
426 760 114049
1201 708 181997
13 1071 107980
992 687 82750
235 1717 117650
356 1528 91223
889 1094 91700
1648 663 682
185 419 155201
1735 100 29441
299 1214 110416
612 123 56543
691 1580 192525
1715 892 11211
820 1605 170852
1119 1443 78853
920 1277 11083
1688 177 11083
1219 4 195174
939 87 73006
282 783 139601
1037 1483 51823
565 1158 41063
744 1594 71526
1211 783 29441
1468 615 54627
1645 1707 118441
518 693 152510
1452 1094 164992
1353 1334 43719
1024 1750 197322
1431 115 79832
386 782 129266
53 857 89662
404 320 90733
394 1730 158199
1163 83 157986
407 565 139841
32 1701 169385
1310 1026 143504
972 823 3753
1228 837 158199
238 1557 153359
1225 1391 29441
1753 326 98811
971 890 153359
721 1752 110004
943 1133 61933
408 975 155201
233 1696 57523
560 1415 195174
142 1202 48439
1283 460 59100
33 1753 138805
122 1770 139601
405 924 3607
1 674 51823
1097 1395 110004
725 1770 129795
1361 368 73006
558 1058 138805
1495 1213 115043
453 529 98811
1434 987 114574
324 1721 11673
711 670 11083
547 1735 11211
1595 69 195174
1330 1462 198446
279 214 129795
1029 83 196469
521 293 70271
296 1626 46375
202 1332 46375
75 212 13288
732 289 139601
1510 858 37199
1544 661 188708
243 1477 60287
425 1344 171167
1170 736 122882
886 1672 111323
1120 94 138805
1566 1169 163487
446 499 63026
174 1054 129848
1608 1314 128065
680 1044 196469
1755 288 177241
636 1505 97429
7 1086 3607
1763 1609 3753
1712 894 108523
464 94 133185
481 182 23149
912 1108 78111
791 423 135260
93 763 60514
589 917 91700
1080 604 3753
263 306 21801
570 460 178404
261 625 12809
1504 204 23475
1426 102 78111
1030 1050 67386
1271 1739 67121
1435 371 41810
1739 323 175300
1554 460 168051
782 1439 124537
1245 1555 13288
268 1684 139601
230 620 59100
1297 929 151951
1123 1203 199302
1232 1108 65965
1195 1227 153359
689 354 38657
1624 419 178404
206 612 11083
169 1193 101437
1641 1334 3753
1639 1691 177241
916 435 12809
1179 1385 63026
844 279 169385
1405 100 137448
1340 609 196469
1632 296 181115
864 614 46375
956 1548 183317
545 579 42391
148 1482 48867
896 1129 71526
833 1434 99492
1130 136 60287
1770 1203 135260
595 1760 155275
1306 571 147164
1450 431 51823
1213 1082 187645
493 1202 42391
1577 32 52673
622 1745 122402
1403 940 36887
1157 1677 180516
1699 2 18290
1653 1471 91394
1203 47 199013
760 1228 21482
49 1725 154045
1571 912 51823
37 143 162879
430 360 31159
594 362 42391
621 1731 101209
1342 912 157550
618 1618 171167
954 1266 148382
1039 1371 42391
343 1040 5609
106 72 48946
436 1357 30010
1258 307 152911
71 603 5609
1365 1065 38657
385 387 183317
21 191 178404
1251 460 132567
105 265 48867
779 875 102158
442 134 197312
1749 52 104846
1385 857 118441
1005 1108 54627
1518 739 197312
874 280 114049
1531 1093 11673
42 540 31159
1221 42 91700
218 1139 65965
1136 1619 97429
284 1069 175300
501 1245 187334
418 188 96169
354 828 192525
23 1189 98811
1529 1441 97429
118 575 91394
104 200 3768
1150 1315 101437
223 512 115776
513 702 70135
730 1158 28208
1012 1731 98110
1705 336 122882
1035 1377 158069
305 1363 41810
1185 988 110799
359 1706 122882
1402 1686 199013
863 1113 110799
1166 42 114049
832 822 136221
823 157 70135
1001 737 60214
1374 203 48867
41 864 139841
1036 1575 38657
1359 1395 151951
1061 177 12809
1181 100 85304
337 249 129848
1394 4 3768
421 1735 114574
1354 1233 130793
533 1488 107980
1728 169 115043
1582 617 21801
315 133 98110
578 1122 107980
1326 1388 27155
750 1570 13288
628 1609 171167
1159 88 106399
504 1721 115043
1627 611 60287
129 365 3768
1757 1475 183253
214 150 154045
307 1654 199302
215 918 682
272 933 59100
454 780 181115
227 759 52673
99 989 70271
1090 1410 70271
1177 1676 91700
751 1561 163487
1105 739 143504
433 828 41063
770 1058 138805
998 376 136296
1527 293 135260
1356 1595 188708
22 254 75003
19 505 158199
1588 1745 151951
1638 1089 183253
365 200 43719
1050 328 197312
1398 200 158199
345 258 148303
579 439 3753
1190 404 104846
114 956 11673
1139 1648 57850
283 1656 83796
559 1098 23475
714 551 129848
988 472 129266
1200 710 26440
27 1514 21801
1470 1289 122402
314 358 82711
1250 384 75003
1545 1507 133185
411 713 91223
633 310 682
1052 1236 199013
724 941 65965
1126 1002 128065
312 74 26162
1334 1517 142317
1093 899 177241
438 1420 115776
1557 353 128581
1236 719 93347
1443 670 31518
1716 1323 41063
620 1645 151951
1243 1417 111323
383 799 195803
310 1492 137448
801 399 98110
1358 460 138805
497 1739 107980
1276 1652 57850
140 1198 102158
557 1082 29002
1581 117 158199
1146 570 114049
1764 842 41810
1089 67 12809
172 756 57523
764 606 107980
599 761 73006
1373 165 106399
470 480 163487
395 1332 191884
571 1181 195803
925 223 73006
208 1202 75178
836 1724 96810
588 513 23149
341 540 52673
953 699 21482
1014 735 188942
220 858 143334
831 1517 102158
1395 354 173885
388 7 35249
868 508 3675
123 1391 136296
419 1080 183253
1148 177 196469
1524 1767 96810
176 1110 81763
293 1660 78853
362 129 152510
1635 177 168051
1065 710 132567
1429 1268 199302
873 302 56543
1669 1427 152121
1692 360 29002
352 333 158069
234 557 37199
348 586 187645
821 1552 183253
1071 73 107980
242 924 170852
83 1177 38657
649 608 42391
710 1411 168051
1509 1705 114049
146 1287 122882
1128 1495 31006
1366 1063 130793
913 557 118441
1388 1037 139841
182 229 76752
479 128 35249
222 1242 142317
872 158 12074
1142 1008 42391
154 742 65965
514 614 31006
669 303 171641
936 23 2308
88 1569 79832
803 571 196469
180 207 119312
5 1478 90733
20 1186 54627
38 1445 101437
1559 235 158199
260 856 122971
487 1353 15724
361 387 79832
1489 1746 129848
871 1659 185698
1178 962 15724
48 429 147164
757 584 197322
1407 139 99492
1006 1169 155201
1288 1165 106399
60 925 60514
1057 25 3768
613 1467 63026
745 992 48867
253 1239 83796
1659 1321 13288
15 1651 7841
576 857 194175
774 993 56543
285 1297 142317
1550 719 185698
488 924 129848
753 358 104846
1738 1323 38657
1413 1054 41063
1197 1217 152510
1015 1404 195174
639 1763 21482
1269 580 5609
52 1335 138805
96 47 70271
1667 436 188942
397 864 102158
173 654 49521
452 480 79832
1642 1739 11649
1249 1108 173885
245 1637 65965
630 1334 54627
1698 604 91223
255 340 108523
802 188 118441
672 1209 188708
317 998 152121
349 1403 187334
542 966 43719
722 157 111323
1657 1557 48439
1188 546 106399
627 536 187645
697 698 97429
1751 1685 78853
360 254 143334
1341 1365 31006
673 216 183253
334 1753 177241
963 1742 3753
371 1548 23149
448 1236 3753
254 1595 181115
399 710 110416
1312 109 67386
617 1073 97429
1519 779 122971
1058 1484 162879
536 2 42391
1204 313 28208
789 1564 163487
1355 725 89662
1344 815 48439
292 205 98110
1671 997 67121
1673 477 43332
975 388 73006
1758 933 150297
325 505 65965
1261 799 29002
471 664 27155
857 47 187334
8 1181 175300
1278 451 955
257 1346 168051
1291 963 194175
181 795 3768
1727 1745 52673
1594 557 11083
983 1220 12074
1218 1601 41063
825 1320 91394
850 330 6385
597 1758 178819
1266 371 122882
876 102 18866
786 1251 101437
903 343 128581
1193 1366 48946
44 384 60287
1189 1660 43719
1634 188 101209
294 1637 199013
1302 861 139841
812 279 175300
54 912 154045
592 541 75003
656 471 152911
515 69 183317
1066 1143 147164
747 1699 162158
1401 429 130793
1507 939 60287
1275 1262 153359
1253 510 110004
1409 339 5147
894 121 31159
1684 512 129266
57 841 28208
585 1128 124537
1224 1735 955
1564 650 81763
1411 1311 29002
1752 122 29441
224 512 5609
1346 581 139841
330 464 111323
1121 540 23475
1676 47 60287
999 380 171641
523 1377 162879
443 122 5147
1316 239 178819
1003 1143 152911
461 949 122882
818 987 78500
1352 1523 126896
318 1699 139841
1459 10 199013
258 172 128065
1536 657 187645
414 491 139601
1063 1203 13288
1079 1748 70135
1558 122 43719
194 1499 55729
207 376 197322
1308 1258 11211
74 1169 41063
951 1405 60514
1567 748 60287
1552 894 78111
650 1082 82750
1196 1561 96810
1380 591 91223
1072 1338 188942
158 1724 60287
368 1718 37199
1584 851 128581
188 1227 57523
1011 1111 177241
842 1628 108629
1248 623 14047
946 1311 97096
567 1395 27155
1331 698 78111
1084 1594 13288
713 1433 29002
1362 1477 108629
1733 1235 197312
1606 1063 372
1151 591 61233
170 1209 78853
1033 372 61233
36 134 82711
1314 123 117650
126 187 61933
1129 944 96063
280 1398 162158
771 611 178560
792 435 78500
1603 82 31159
1114 987 148500
1650 1563 158069
652 1595 115776
905 1398 187645
970 722 131442
1437 1225 180516
1390 1732 115043
1375 1394 98110
1625 856 131442
252 551 101437
350 32 96169
663 1046 26162
1525 1259 195803
251 944 85304
843 1410 6385
1106 1143 197322
24 604 372
1539 24 139601
45 1030 11211
701 1289 114574
295 597 177241
423 959 3768
1460 1297 143334
1131 761 115776
1053 71 91700
460 69 136221
688 1532 183253
1773 1058 143334
1455 508 129524
308 1055 95614
1695 335 188708
742 595 43719
726 1214 5147
1677 484 158069
1317 896 21482
1498 569 955
535 838 188708
648 822 129524
1399 1660 150297
855 1481 155201
164 377 158069
762 1574 152911
526 1387 23475
1026 191 197322
989 1518 37199
304 747 91223
1691 1693 96169
1335 1322 98110
422 1321 129524
703 2 56543
1064 565 95592
1078 1090 130793
1615 715 183253
702 1136 75003
79 993 185698
522 46 12074
870 98 164992
1008 122 128581
686 1149 124537
1701 709 18866
1630 339 89662
505 1411 21801
519 1266 187645
534 1101 98110
532 1759 129795
78 1153 11211
640 922 11211
1311 725 83796
807 1721 98811
311 1157 96810
340 660 12809
819 134 181115
646 291 372
538 1068 155275
614 974 101209
384 60 36887
959 1332 83796
1620 1142 46375
945 81 87243
692 902 154045
64 512 13288
196 1203 59100
286 488 142317
683 72 23149
1021 723 197312
68 1759 21482
827 49 178560
529 1421 162158
213 1070 148500
1301 557 30010
1748 1189 3753
806 747 155201
756 1070 41810
1160 249 110416
1453 841 183253
455 1083 135260
1055 933 171167
1104 1574 60214
694 5 108629
1508 1332 114574
1325 1746 196469
949 144 139601
499 902 162879
457 326 138805
804 1093 85304
584 831 7841
1268 53 71526
212 339 138805
551 242 38657
205 715 193939
1017 457 26162
854 1002 75178
110 696 158069
1750 721 182421
1408 388 41810
437 907 96810
734 1480 187645
1292 586 169385
1576 571 106399
1765 608 28208
1208 1376 26440
795 1258 129266
1473 726 177241
1381 330 3607
1351 59 83796
723 1201 3768
153 844 137448
342 1593 188942
955 1508 2308
428 1159 193939
508 1595 78500
121 1203 23475
1133 1518 132567
1042 660 36887
157 929 184546
768 108 155275
1717 1133 197322
177 719 11649
482 1149 162879
1441 1230 122402
1515 1591 183253
527 1517 126896
773 90 108523
266 1245 162879
788 1562 82750
136 120 122882
1471 60 21482
389 566 95614
811 771 188708
1542 428 31159
1729 1392 91700
183 1400 82711
1205 62 7841
731 701 97429
115 214 70271
1387 1211 96810
1772 738 78853
1023 1494 76752
1265 719 129795
1169 1108 31006
1370 293 129266
1156 67 78500
858 929 188708
309 841 11083
160 541 76752
1368 338 188942
958 696 52547
459 219 60214
755 1670 110799
313 1189 136221
635 1660 143334
1096 1504 48867
882 1508 43332
1186 1174 107980
1483 997 110416
1239 640 124537
269 94 154045
974 1332 154045
1522 420 81763
1458 1162 26440
909 289 98110
410 780 128065
1315 616 197322
72 1114 99111
509 318 188942
402 1273 196469
1004 815 126896
127 436 11083
976 1002 169385
28 1516 153359
210 259 29441
369 102 178560
1286 1711 192525
1088 1339 27155
1002 1517 150297
1664 1095 83796
968 1094 93347
797 668 193939
1707 433 124537
1085 1323 30010
241 949 18290
262 1460 35249
1138 1220 152510
328 69 91700
1472 584 372
281 1491 118441
1665 1301 184546
525 1614 18290
546 472 75178
1709 94 136221
817 269 129524
1540 1304 157986
1043 1711 57523
1622 1233 196469
1392 1140 139841
544 1247 129524
303 321 54627
1654 407 61233
1414 484 111323
1578 1555 185698
141 1717 170852
1092 922 128581
12 1752 129524
1599 1699 96810
878 1178 162879
1466 962 52547
978 269 17350
1689 609 93347
191 1301 155275
1247 565 93347
406 1540 152911
631 1449 108629
1350 455 181997
1461 1401 194175
862 348 57850
859 1026 5609
250 1071 21801
1075 118 196469
63 34 158069
790 850 75178
1534 1759 122882
1656 1371 48439
372 894 65965
87 1546 128581
300 462 97429
217 454 104846
712 826 147164
1591 1467 164992
1237 1558 150297
1613 1145 48439
758 1334 164992
994 960 83796
47 929 17350
566 16 106399
353 142 56543
1674 956 82711
1216 1757 54627
524 988 199302
1586 1304 129795
1580 1516 115776
165 445 43719
1505 1046 96169
101 1690 148500
960 725 96169
168 1088 185698
1643 1171 122971
1285 1653 97096
561 353 5609
928 1195 31006
1397 668 75003
707 1168 3675
577 1322 118441
815 1248 155201
355 1652 122882
491 858 187334
575 937 57523
933 725 148500
778 1051 13288
679 551 117650
445 527 6385
449 681 139601
469 209 11083
502 1745 139841
982 1552 148303
540 1735 114574
1328 1044 115043
1771 150 26162
1438 1425 110004
805 214 97429
647 1358 111323
297 1770 51823
1436 1462 13288
1583 804 114574
1713 404 52547
1154 1120 79832
935 1105 83796
1417 1693 143504
1560 570 192525
175 1614 23475
1305 82 195174
1333 1181 41810
846 1323 70271
137 1133 91700
412 984 157550
1465 1182 60214
152 365 122971
111 1178 110416
1640 1107 182421
1440 1434 11673
216 659 52673
219 602 90733
16 650 17350
2 1517 682
424 220 158069
339 605 11673
91 109 3753
138 941 61933
735 858 148382
1768 26 11673
1479 60 136296
944 200 3753
1262 512 11211
1099 687 129795
1418 174 126896
495 616 102158
1514 1133 139841
1289 806 60514
1746 1178 188708
379 1063 199302
1031 1049 14047
957 664 27155
915 470 21482
1041 1637 6385
1478 1684 41810
1769 1282 57850
147 1030 98110
484 1095 143334
977 1728 148303
351 623 158199
1762 1652 55729
35 507 48439
1076 32 97429
549 929 110004
1446 725 48439
94 929 199013
1111 1742 55729
288 123 67121
1520 1353 122402
1287 1227 41810
1032 1684 5609
670 1304 136221
1614 956 23475
1000 1576 52547
1430 1230 182421
1280 1555 89662
602 25 96063
860 538 164992
512 831 78111
660 1543 48439
221 1127 155275
543 378 35249
444 997 35249
769 1160 48439
1369 318 102158
891 1111 197322
187 306 187645
861 1311 61233
367 782 151951
1145 899 114574
1683 1595 37199
376 1220 171641
357 452 14047
1420 26 187645
1561 1626 91394
97 1220 52547
332 101 178404
171 1563 108629
1040 546 115043
897 1111 98110
429 1569 193939
1579 272 11673
1480 1177 27155
271 1606 60214
1482 102 122882
1198 1403 187645
1073 460 63026
31 392 35249
881 853 129524
1332 739 17350
1155 313 128581
1759 1425 65965
641 1389 136296
651 1245 114574
531 1556 104846
1406 335 60514
1734 1628 129795
626 1455 21801
739 1311 122882
1528 634 152510
58 172 55729
772 918 155275
490 1297 97429
1140 224 48946
653 1638 18866
1327 436 81763
1700 507 143504
716 664 150297
1087 1641 164992
1241 59 57850
1022 1527 187334
338 909 198446
1416 1092 682
1572 1675 96810
447 1605 43332
674 48 43332
1152 1770 192525
1612 819 164992
1009 173 95614
1255 1468 187645
1107 980 139601
1324 992 185698
717 378 171167
1708 1638 187645
178 1621 148303
1348 1324 89662
1448 273 60287
1516 30 12074
507 1515 29441
765 828 87243
1535 492 108523
85 1599 79832
553 1292 155201
883 446 91394
1660 1595 31518
950 1197 26162
693 747 85304
1597 505 139601
485 2 70135
1320 1563 5609
1723 1717 118441
1553 662 7841
1501 890 178560
981 1761 91700
231 1070 67386
1451 1072 162879
1127 1385 102158
1502 605 110416
463 115 129524
736 1461 99492
1167 443 102158
875 989 95592
987 739 96169
727 9 128065
1376 962 41810
1363 1348 46375
435 370 169385
839 544 78111
1309 1076 129524
1410 1002 52673
829 468 75178
1377 1251 188942
1444 323 128581
892 309 162158
265 1679 3753
964 1156 372
1647 1098 23475
973 90 3675
1694 46 78111
1523 1305 199013
1651 969 78853
671 515 95614
134 249 122882
1644 508 99111
601 96 181997
1357 1070 115043
645 365 104846
1693 1590 192525
1476 64 164992
189 1127 37199
70 282 183317
1048 1595 126896
845 249 155201
483 1359 143504
895 1629 87243
687 1517 115043
1741 1160 48867
130 1099 35249
1490 615 198446
14 190 30010
264 111 31006
919 810 95614
783 201 76752
1231 573 65965
586 96 31518
934 1510 78500
1220 1660 198446
1281 1287 56543
259 1566 188942
563 921 48946
161 1369 98811
1207 702 31518
92 187 36887
979 1649 107980
139 1763 21482
1284 1494 96169
1246 242 54627
562 737 171641
1371 149 119312
1143 227 104846
1574 137 197322
29 1560 60287
3 1107 21801
1025 29 6385
993 1662 143504
225 957 106399
898 943 96169
997 854 30010
1463 401 81763
910 1076 23475
865 13 196469
1049 1095 31518
986 1727 36887
748 515 31518
1506 484 46375
1214 1220 6385
852 1732 158069
211 1249 98110
1047 1108 99492
867 1610 98811
1279 133 158069
924 805 48946
777 1228 148303
396 1399 95592
907 1453 13288
6 1656 96063
880 1202 106399
1083 1089 142317
193 1394 71526
1322 460 138805
1719 354 11673
1367 1278 31518
1432 123 177241
704 245 130793
43 571 60214
1223 1043 122882
593 430 181997
849 1286 153359
1629 157 139601
834 1123 31159
486 815 38657
1492 1086 79832
840 318 126896
1194 632 139601
1690 604 955
1555 1304 87243
966 1321 65965
914 262 71526
906 1582 124537
922 722 168051
1547 446 170852
107 670 138805
1511 444 158069
931 957 3675
705 491 181115
1175 667 29441
1619 1339 163487
1503 664 183253
1384 866 18290
1589 659 12074
1562 1737 13288
1045 571 148382
1601 1235 96063
156 976 187645
1491 1393 153359
1767 260 5609
59 540 18290
1497 1687 23149
1661 1640 164992
346 1344 148382
664 1681 81763
929 1517 111323
607 1443 178404
580 1245 142317
1704 588 132567
569 1081 61933
877 315 41810
373 1772 95592
749 1580 96810
1230 256 37199
1686 1068 99492
729 1444 150297
477 1595 57523
969 76 122882
887 1313 21801
1174 721 195803
990 1647 128581
644 570 164992
145 1494 101209
746 1163 178819
467 1338 130793
1457 1385 131442
267 1249 139841
965 1301 110416
1496 451 96810
151 1154 158199
375 527 63026
606 150 129795
761 976 91394
665 122 124537
1611 430 67121
1680 1659 78853
682 1216 114574
503 1636 111323
236 824 183317
1596 1089 104846
1183 123 48439
25 1410 78111
95 741 119312
1226 667 157550
1569 1311 43332
480 1051 682
766 1346 171167
366 1328 96810
200 1770 129848
603 1735 108629
517 780 110799
1318 399 98110
632 1082 148303
1570 565 104846
119 94 11083
600 955 136221
1212 1427 6385
498 1757 148303
1234 890 110416
1726 1323 60287
1199 1108 91223
1393 25 41063
1697 1356 43332
100 47 143504
1575 9 195803
1116 723 46375
84 382 38657
1590 831 28208
715 69 187645
1711 1735 73006
1493 1486 31006
473 1385 143334
323 422 193939
326 1203 31006
698 1054 168051
198 1168 82750
1102 1491 54627
667 1523 138805
1125 1327 148303
733 581 108523
930 10 81763
1086 1304 5609
1264 480 195174
50 1213 82711
1607 728 95592
275 528 71526
1488 1729 13288
1423 125 158199
420 482 35249
1681 150 171167
1094 780 48867
1059 639 60287
1666 1518 152911
539 1361 28208
1760 1421 152911
1616 1543 139841
1124 1609 135260
659 1334 155275
331 643 115776
1740 1089 150297
1191 130 99492
1422 1479 101437
1270 1165 183317
192 119 147164
9 1051 153359
1499 867 122402
1389 1679 17350
1467 1068 31006
1400 1270 54627
568 51 197322
1209 1518 192525
1300 943 175300
34 1228 43332
1532 989 12074
240 1393 168051
1135 77 168051
1172 121 71526
1274 1569 75178
335 1411 175300
776 973 115776
432 1739 97096
246 1199 13288
1761 144 191884
657 1060 104846
1256 1330 132567
1573 288 57523
856 763 191884
112 527 372
985 933 143504
1474 1063 175300
320 376 102158
552 1541 82750
890 841 183317
1658 1538 73006
1147 816 184546
1424 337 195174
291 1168 117650
1512 1235 98811
76 625 185698
1077 1249 171641
336 204 71526
1054 1082 31518
1016 322 31518
866 69 152911
273 1731 199302
1081 131 26162
1618 1149 46375
1543 1555 955
615 822 3768
1766 1628 48946
489 1305 133185
699 1460 128581
1164 973 38657
572 1180 162879
1069 571 17350
1563 1217 98110
1141 1686 78500
838 1332 153359
102 1051 180516
904 328 96169
1277 1609 102158
1113 1753 168051
899 1311 148303
132 1155 70271
287 538 13288
781 1377 115776
1062 256 7841
1263 994 131442
1668 1685 107980
1182 584 136296
462 1681 115043
1487 1564 129266
1617 1753 175300
1475 1745 65965
548 861 61233
1095 604 29441
1110 8 152510
1252 87 147164
103 1578 152121
643 1460 11649
634 528 173885
918 82 6385
926 1377 178819
1549 20 82750
1202 841 129795
298 422 157550
1678 123 18290
150 1752 43332
465 959 91394
847 268 139841
440 428 60214
301 311 955
510 1043 178404
1621 1304 23149
1469 960 152911
678 150 155201
135 848 153359
274 431 59100
1732 622 43332
885 588 182421
654 365 142317
754 1660 60287
62 379 194175
740 789 54627
468 326 184546
1706 480 188942
554 563 194175
400 1102 148303
409 723 96063
767 298 3753
55 1670 41063
1206 645 41810
1703 1682 152121
393 309 23149
888 806 129266
67 1768 27155
564 393 30010
573 1024 12074
684 1266 139841
1235 318 185698
681 831 87243
743 1561 85304
605 2 28208
1118 1642 129795
1013 82 2308
237 151 61933
124 621 191884
1530 1372 60514
516 1771 148500
478 1352 89662
583 761 98110
581 1475 15724
256 1558 75003
1391 619 2308
1134 1160 170852
1412 797 65965
658 34 13288
131 1574 82711
1222 1685 63026
718 1079 955
378 1731 97096
794 285 191884
676 1455 110416
401 1752 148382
431 621 194175
1339 214 148382
1240 1105 152121
232 1332 187645
690 795 122402
893 187 83796
26 313 102158
159 991 147164
1162 1059 183253
1538 58 122882
1044 129 6385
1464 1181 129524
113 1157 5147
475 1133 187334
1153 214 124537
1556 965 49521
1303 1660 26162
816 1230 14047
1456 1708 197322
1273 1117 75003
11 1270 29441
1244 1403 5609
1500 168 49521
184 76 128581
197 309 154045
492 1321 177241
1721 834 138805
1313 1550 178404
403 1048 97429
611 675 91700
1103 836 37199
814 628 115043
1484 149 114049
824 1421 372
1662 806 5147
1180 582 11211
277 376 185698
780 1323 79832
344 683 70271
706 786 89662
450 425 136296
1074 165 91223
125 380 148303
1215 430 178819
590 166 110416
46 1673 114574
1720 490 124537
1336 1705 114574
413 1528 124537
1649 1089 98811
1744 960 197322
1449 468 97096
1670 6 155275
677 897 57850
195 1080 169385
784 168 11649
1494 1518 198446
1027 725 23149
1132 1110 143334
668 1322 181997
848 1770 98811
1345 28 82750
244 1733 199302
741 1133 78853
1636 1202 152510
1724 1567 131442
1604 334 138805
1736 803 11211
466 471 90733
248 994 152121
1526 1699 67121
1682 857 139841
494 1199 682
392 616 55729
759 472 91223
1307 1117 36887
416 68 101437
108 149 162879
666 311 60214
82 1517 150297
941 776 158199
1144 964 139841
1108 605 122402
270 1390 101209
117 552 26162
441 1051 169385
1117 1731 101209
179 1082 114049
1521 546 115776
128 1157 158069
1319 530 177241
1587 1128 52547
1304 1595 177241
1101 1768 98110
637 1248 115043
144 1008 18290
1098 1575 118441
322 689 188708
798 1024 118441
708 929 143334
89 2 73006
822 563 99111
1730 761 31518
17 1304 124537
1067 1578 139841
18 708 139841
155 1429 130793
984 708 128581
1419 265 122971
316 672 104846
203 1654 5609
1663 613 96169
879 72 152510
901 47 67386
1070 998 154045
799 664 142317
662 1662 193939
86 1322 152911
752 956 187645
476 789 43719
500 44 78111
1513 1711 83796
302 129 70135
167 102 14047
826 965 196469
1242 1427 23149
201 571 15724
358 326 60287
853 1182 153359
1267 77 128065
1173 165 23475
884 1623 41810
1541 549 114574
927 1297 93347
290 239 152510
1722 309 26162
1687 464 129524
1548 1321 372
1383 549 99492
837 1051 90733
947 1024 60214
962 460 31518
1007 5 23475
1481 69 107980
738 989 155275
209 74 682
1020 690 75003
809 161 95592
582 429 182421
1675 1153 187645
1349 1238 955
940 429 83796
1714 1117 11649
1593 1297 67121
319 1541 46375
377 1718 107980
1122 486 97096
