201 410
0.990002 0.990004 0.990007 0.990003 0.990009 0.990330 0.991128 0.990038 0.990001 0.990017 0.990095 0.990025 0.990013 0.990016 0.990307 0.990142 0.990099 0.990018 0.990017 0.990020 0.990007 0.990045 0.990076 0.990003 0.990049 0.990033 0.990003 0.990148 0.990028 0.990040 0.990047 0.990003 0.990140 0.990081 0.990018 0.990124 0.990015 0.990001 0.990032 0.990010 0.990019 0.990027 0.990385 0.990033 0.990005 0.990004 0.991190 0.990083 0.990006 0.990042 0.990020 0.991333 0.990016 0.990167 0.990162 0.990029 0.990020 0.990548 0.990157 0.990004 0.990032 0.990014 0.990055 0.990083 0.990004 0.990032 0.990042 0.990031 0.990089 0.990500 0.990002 0.990068 0.990049 0.990071 0.990028 0.990046 0.990111 0.990043 0.990022 0.990005 0.990001 0.990027 0.990001 0.990040 0.990039 0.990004 0.990010 0.990019 0.990037 0.990005 0.990002 0.990092 0.990031 0.990202 0.990056 0.990008 0.990004 0.990054 0.990027 0.990006 0.990035 0.990004 0.990003 0.990039 0.990005 0.990500 0.990009 0.990009 0.990350 0.990112 0.990200 0.990009 0.990022 0.990183 0.990016 0.990150 0.990001 0.990060 0.990006 0.990009 0.990018 0.990090 0.990029 0.990047 0.990015 0.990023 0.990034 0.990001 0.990127 0.990012 0.990005 0.990080 0.990088 0.990008 0.990005 0.990037 0.990030 0.990026 0.990037 0.990009 0.990018 0.990005 0.990000 0.990005 0.990007 0.990027 0.990004 0.990008 0.990013 0.990006 0.990229 0.990643 0.990000 0.990093 0.990142 0.990014 0.990018 0.990008 0.990150 0.990001 0.990011 0.990056 0.990004 0.990400 0.990061 0.990049 0.990237 0.990031 0.990011 0.990012 0.990052 0.990034 0.990031 0.990117 0.990006 0.990042 0.990060 0.990001 0.990047 0.990151 0.990022 0.990005 0.990015 0.990030 0.992100 0.990001 0.990004 0.990008 0.990039 0.990507 0.990035 0.990016 0.990011 0.990005 0.990022 0.990008 0.990054 0.990083 0.990010 0.990034 0.990024 
1 43 2 4 5 8 9 10 12 13 15 16 17 20 22 23 24 25 28 29 32 33 36 38 39 41 43 45 48 49 50 51 52 53 54 55 58 59 62 66 67 68 71 73 74
1 67 1 2 3 5 6 7 8 11 12 14 15 17 19 20 21 25 26 27 28 29 30 32 34 36 37 40 42 43 44 45 48 50 51 52 54 57 58 59 60 61 63 64 65 66 67 68 69 70 71 72 80 81 82 83 85 87 88 89 91 92 93 95 98 100 102 103 104
1 25 1 2 3 4 5 7 9 10 13 14 16 17 19 21 22 23 24 29 31 32 34 36 40 41 42
1 65 1 2 3 6 8 9 10 13 14 17 18 20 22 23 24 25 26 30 31 32 34 35 37 38 40 41 42 43 44 46 48 49 51 52 54 57 58 59 60 63 64 66 67 69 72 73 74 76 77 78 80 82 85 88 89 91 92 93 94 95 96 97 98 101 102
1 48 2 5 6 7 8 10 11 12 14 16 17 19 21 23 25 26 27 28 31 32 34 35 38 39 40 41 43 44 50 52 53 54 56 57 58 61 62 65 69 74 75 76 79 81 85 86 88 89
1 2 2 3
1 22 1 7 8 10 19 21 22 23 24 25 28 30 34 36 39 40 42 43 44 46 49 50
1 6 1 2 3 4 6 9
1 27 1 2 3 4 6 12 14 15 17 19 21 23 26 27 28 30 31 32 34 35 36 38 40 41 42 44 46
1 59 1 3 4 5 11 12 14 16 18 21 22 23 25 26 27 28 30 32 33 34 35 37 40 43 46 50 52 55 57 58 59 63 64 68 70 73 75 76 77 78 80 83 84 86 87 88 91 92 93 94 95 98 99 100 101 102 103 104 105
1 24 1 2 4 5 8 9 10 11 13 16 18 20 23 24 25 26 27 28 29 31 32 33 34 36
1 4 1 3 5 7
1 14 1 3 5 10 11 13 15 19 20 21 24 25 26 27
1 51 3 4 5 6 9 11 13 14 15 16 17 18 19 21 23 24 26 29 33 35 36 38 39 41 42 43 44 46 47 50 51 52 53 54 56 58 61 63 65 67 68 69 70 71 72 73 74 76 79 80 83
1 57 2 8 10 11 12 13 15 16 20 21 23 24 26 28 29 35 39 40 41 42 43 45 46 48 50 52 53 54 56 58 61 63 64 65 66 67 69 71 72 76 77 78 79 81 82 83 84 87 88 91 92 93 95 96 98 101 103
1 17 1 2 6 9 10 11 12 13 14 15 16 17 18 20 21 22 25
1 50 1 3 4 5 6 8 10 12 16 17 18 19 20 22 23 25 26 27 28 32 33 36 38 40 41 42 44 47 50 52 53 54 56 57 58 60 61 62 64 65 67 68 69 71 72 73 76 78 79 80
1 26 1 4 5 7 9 10 11 12 13 16 17 19 22 23 24 26 28 30 34 35 36 37 38 40 41 45
1 19 1 2 3 4 5 6 7 11 13 14 16 17 20 22 26 32 34 35 36
1 44 1 2 4 5 7 10 11 12 17 19 22 23 24 26 27 29 33 34 35 36 37 38 39 40 41 42 43 45 46 48 49 51 52 54 57 61 62 63 64 67 69 70 71 72
1 8 3 4 5 6 10 16 18 22
1 28 1 3 7 9 10 11 12 13 15 18 20 23 24 25 27 30 33 34 35 36 39 40 41 43 45 47 50 52
1 14 4 7 10 11 13 16 17 18 22 23 25 26 28 29
1 59 1 2 4 5 6 7 10 11 14 15 16 17 18 20 21 22 24 26 29 30 31 33 34 36 37 38 40 41 44 47 48 51 52 53 54 56 58 60 61 63 64 65 67 69 70 71 73 75 80 81 84 85 87 89 91 92 93 94 95
1 25 2 5 7 8 11 16 17 19 20 22 24 25 26 27 28 30 31 33 34 35 36 37 38 41 43
1 26 2 5 7 8 9 10 13 14 15 16 19 20 22 28 29 30 31 32 33 34 35 36 37 38 39 40
1 21 2 3 4 5 6 8 9 10 12 13 14 15 17 18 19 24 25 26 31 33 36
1 67 1 2 4 5 6 10 12 13 14 15 16 17 18 19 20 21 22 23 24 25 28 29 31 32 33 34 35 36 37 39 40 41 42 44 45 46 48 50 52 53 58 59 60 62 64 67 68 69 70 72 73 74 75 76 77 78 79 82 84 85 86 88 89 92 93 95 98
1 12 2 5 8 10 11 13 14 17 18 20 22 23
1 11 2 4 7 9 13 14 15 16 17 18 19
1 8 1 2 4 5 6 7 9 10
1 60 3 5 6 7 9 10 11 13 14 15 18 19 21 22 23 25 26 27 28 29 30 31 32 36 40 49 50 54 56 57 58 60 63 65 66 67 68 70 71 72 73 77 78 79 80 83 84 85 86 87 89 90 92 94 95 96 97 98 100 101
1 45 1 4 5 6 8 13 15 18 19 20 23 24 25 27 28 29 30 31 32 33 35 37 38 40 41 45 46 48 49 50 51 52 54 56 57 58 59 60 61 62 63 65 66 67 69
1 1 1
1 48 1 2 3 4 7 9 13 14 15 16 20 21 22 23 24 27 28 31 33 36 37 40 41 42 43 46 47 49 50 51 52 53 56 58 59 60 61 63 64 67 68 69 70 72 74 75 76 78
1 42 1 3 4 7 8 9 10 11 12 13 15 16 17 18 19 21 22 23 24 25 26 27 28 30 31 34 37 39 40 41 42 43 46 48 51 52 53 54 55 57 58 61
1 52 1 2 3 6 7 8 9 14 15 16 17 19 23 24 26 28 33 35 36 40 42 43 45 46 48 49 50 53 56 58 59 60 61 63 64 69 70 71 72 73 75 77 78 81 85 87 90 91 92 93 94 97
1 31 1 2 3 4 5 7 8 9 12 13 14 15 16 17 18 21 24 25 26 28 29 31 33 35 37 38 42 43 48 49 51
1 37 2 3 5 6 7 8 11 12 14 16 17 18 19 25 27 29 31 33 34 35 36 37 38 39 40 42 43 44 45 46 47 49 50 51 52 53 54
1 34 1 2 6 7 8 10 12 14 15 16 17 20 22 23 27 28 29 30 34 35 36 37 38 39 40 45 46 47 49 51 52 53 54 55
1 12 3 6 7 9 10 13 14 15 17 19 21 22
1 12 1 2 3 4 5 6 14 18 19 20 21 22
1 64 3 5 6 7 9 11 14 16 17 18 20 21 22 23 24 25 26 28 29 30 32 33 34 35 37 38 39 40 41 42 44 45 46 50 51 55 56 57 60 62 65 66 68 69 70 73 74 75 77 78 79 82 83 86 88 90 91 94 95 96 98 99 100 101
1 2 2 4
1 26 1 2 3 5 8 9 12 13 14 15 18 19 22 23 25 29 30 32 36 37 38 39 41 43 46 48
1 1 1
1 29 1 2 3 6 7 8 10 11 12 13 15 16 18 19 20 21 23 25 27 29 30 31 33 34 39 40 41 42 44
1 19 2 3 4 5 6 7 10 11 12 13 14 16 18 19 22 25 26 27 29
1 61 1 3 6 7 8 9 11 12 14 15 18 19 20 21 23 24 25 27 28 29 30 31 37 38 39 41 43 46 47 48 50 53 54 55 56 57 60 62 63 64 65 66 67 69 72 73 74 76 77 78 79 80 86 87 89 90 91 94 96 97 98
1 9 1 4 5 10 11 12 16 17 19
1 15 4 5 7 10 12 14 15 17 19 20 21 23 25 26 28
1 20 2 3 4 5 6 7 9 10 11 12 14 19 22 24 25 26 29 30 32 33
1 28 1 2 3 4 5 7 8 9 12 13 14 18 19 20 21 28 29 32 33 34 36 37 38 39 45 47 48 49
1 37 1 2 3 4 5 6 7 8 10 11 13 16 17 18 19 21 22 25 26 29 32 33 34 35 37 38 39 41 42 43 46 47 51 54 55 60 63
1 7 3 4 5 6 8 9 10
1 57 1 2 3 7 8 9 11 12 13 14 15 19 20 21 22 24 25 26 27 29 30 31 32 35 36 39 41 42 43 45 46 47 48 51 52 53 54 55 56 57 60 61 62 63 64 65 66 67 73 74 75 78 79 80 82 83 86
1 20 2 3 4 5 6 8 9 11 13 14 15 16 18 19 20 22 23 24 25 26
1 21 2 3 6 7 9 10 13 14 18 19 20 21 22 23 25 29 30 31 33 34 35
1 18 2 5 8 10 11 12 14 16 17 19 20 23 26 29 30 31 33 34
1 67 2 3 4 5 6 7 10 11 14 16 17 18 19 20 22 26 27 28 29 30 31 35 36 37 42 45 46 48 49 50 51 52 53 55 56 57 58 61 63 64 65 66 67 70 71 73 74 75 76 78 81 84 85 86 88 89 90 91 92 93 95 96 98 100 101 102 103
1 30 3 4 6 7 8 9 10 11 12 14 15 18 19 21 23 25 26 29 30 31 32 34 35 38 39 40 43 44 46 47
1 16 1 3 4 5 7 10 11 12 13 15 18 20 21 23 24 25
1 51 1 2 3 5 6 9 10 11 13 14 17 18 20 25 28 33 35 36 37 38 42 43 44 45 48 52 53 54 56 57 60 61 63 64 66 71 72 73 74 75 76 78 80 86 89 91 92 93 94 96 98
1 65 3 5 8 9 12 13 14 15 17 18 19 21 22 23 24 25 28 29 31 32 35 36 37 38 41 43 45 48 49 50 51 52 55 56 57 59 60 65 67 71 72 74 76 77 78 79 81 84 86 92 93 94 95 99 100 101 102 103 104 106 107 109 110 111 112
1 56 1 3 4 6 7 8 9 11 13 15 16 17 18 19 20 21 22 23 24 25 27 28 30 31 32 34 35 36 38 39 42 43 44 52 53 54 57 58 59 60 62 63 64 67 68 70 72 74 75 78 79 81 82 84 85 86
1 46 1 3 5 6 7 8 9 17 18 19 20 22 24 26 27 30 32 34 36 38 39 41 42 44 45 49 50 52 56 57 58 59 60 61 63 64 65 66 69 71 73 74 79 80 81 83
1 12 1 4 5 7 10 19 20 21 22 24 28 30
1 22 2 4 6 7 8 10 14 16 21 22 23 24 25 26 28 32 34 35 36 37 38 39
1 20 1 2 4 7 8 10 11 13 14 16 17 18 20 22 23 25 27 29 30 34
1 37 2 7 10 12 13 15 17 19 24 25 27 30 31 32 33 34 37 40 41 43 45 46 47 48 49 51 53 54 55 57 58 59 60 62 63 64 65
1 25 2 9 11 12 14 15 16 17 18 22 24 25 27 30 35 36 39 42 44 45 46 47 49 50 51
1 46 2 3 4 6 7 8 9 10 11 12 14 16 17 19 22 25 26 27 28 32 33 36 40 42 43 44 45 46 47 48 49 50 52 53 59 62 63 64 66 67 68 70 72 73 74 77
1 65 1 2 3 5 6 7 9 10 12 14 15 16 18 19 20 21 22 24 26 28 29 30 31 32 33 34 37 39 40 41 42 43 46 47 49 50 51 54 55 56 57 58 61 63 66 69 70 71 72 74 76 78 80 82 83 84 86 90 91 92 93 94 96 97 99
1 67 5 7 8 10 12 15 16 17 18 19 20 23 24 25 27 28 29 31 32 33 35 36 37 38 39 40 42 45 46 47 48 50 51 57 60 61 63 67 69 71 72 74 77 78 79 80 81 82 84 85 86 89 91 93 94 95 98 100 102 103 105 106 107 109 110 111 112
1 67 1 2 3 4 5 6 8 9 11 13 15 16 18 20 22 23 24 27 29 31 34 35 36 37 38 39 41 42 45 50 51 53 56 57 60 62 63 64 65 66 68 69 74 76 79 80 81 83 84 85 86 87 88 89 90 96 99 103 104 107 109 110 112 113 120 121 123
1 6 1 2 5 6 7 8
1 53 1 2 3 4 5 7 9 10 11 12 13 14 15 16 19 20 23 26 27 29 30 32 33 34 35 36 39 41 42 43 46 47 48 50 57 58 59 62 64 67 68 70 71 73 75 76 78 79 80 81 82 83 84
1 3 2 3 4
1 58 4 5 7 11 12 13 14 15 16 17 18 19 20 22 23 24 26 27 28 29 30 33 34 35 36 41 44 45 46 47 48 49 50 51 53 54 55 56 57 59 60 63 64 66 70 73 75 76 77 78 79 81 83 88 91 92 93 95
1 16 1 3 5 6 9 10 11 12 15 16 17 20 22 23 26 27
1 30 1 2 3 5 6 10 11 12 13 15 17 18 21 24 27 29 31 33 34 35 36 37 38 41 43 45 47 49 57 58
1 45 1 2 5 6 7 10 12 13 14 15 16 17 19 20 23 24 25 26 29 31 32 33 37 39 41 43 47 48 49 50 51 54 55 56 57 58 59 60 63 64 65 68 70 71 72
1 12 1 3 8 10 11 13 14 16 17 18 19 21
1 27 4 6 7 11 12 14 16 17 18 20 21 25 26 27 29 30 31 33 34 37 39 40 41 42 43 44 46
1 58 2 5 7 8 10 11 12 13 14 16 17 18 19 22 23 24 25 26 27 30 31 32 35 37 38 40 41 42 44 45 47 50 51 52 56 58 61 62 63 64 65 66 67 70 71 74 77 80 81 82 83 90 92 97 101 102 104 105
1 27 1 5 6 8 10 12 15 17 19 20 21 22 25 26 27 29 30 31 35 37 38 40 42 43 47 49 50
1 45 2 3 5 6 7 9 11 12 13 17 18 19 20 21 22 23 24 25 27 28 29 30 31 32 34 35 38 39 41 42 45 46 47 48 51 52 53 56 57 58 59 60 63 64 66
1 21 1 2 3 4 7 8 9 10 11 12 16 17 18 19 22 23 25 28 29 32 33
1 36 2 3 4 5 9 10 13 14 15 17 18 19 22 26 27 32 35 38 41 45 46 47 49 50 51 52 55 56 58 59 60 62 64 65 66 67
1 56 1 2 4 5 6 8 9 11 13 15 17 18 19 21 23 24 25 26 27 28 29 31 32 35 36 38 39 40 41 48 49 50 52 54 56 57 58 59 60 61 64 65 67 69 71 72 74 75 77 78 80 81 82 83 84 85
1 27 1 2 5 6 7 8 9 10 11 12 13 14 15 16 17 18 19 20 21 25 26 29 30 31 32 34 35
1 34 2 3 5 6 8 10 11 13 16 17 18 19 21 22 23 24 26 27 28 29 30 31 32 33 34 35 36 38 39 40 41 42 43 46
1 4 1 3 4 5
1 15 2 3 7 9 10 11 13 14 15 16 17 18 21 22 24
1 19 1 2 4 5 6 7 8 9 10 13 14 15 17 18 19 22 25 26 28
1 2 1 2
1 35 2 3 6 7 8 12 13 14 16 17 20 21 22 25 27 32 34 36 38 40 42 43 46 47 48 50 51 52 53 54 55 56 57 58 59
1 11 1 3 4 7 10 15 17 19 20 21 24
1 33 3 4 8 10 11 12 14 15 16 17 18 19 22 23 24 25 26 28 29 31 33 35 36 37 40 41 42 46 47 48 49 50 51
1 58 1 3 4 6 8 9 10 12 13 16 17 19 20 21 23 24 27 28 31 32 35 38 40 42 43 44 45 46 47 51 52 53 55 57 58 60 62 63 64 65 66 67 68 69 74 75 76 80 81 82 83 84 86 87 89 92 93 95
1 47 1 2 3 5 7 8 10 13 15 17 19 20 22 23 25 26 28 30 35 38 39 40 43 44 45 46 47 51 52 53 54 56 57 59 61 63 64 65 67 68 70 74 75 77 78 80 81
1 64 2 5 6 7 8 9 10 11 12 14 17 18 19 21 22 24 25 26 27 28 29 31 33 34 35 38 39 40 42 43 44 45 46 52 55 56 58 59 61 62 63 64 65 68 69 70 71 72 73 75 76 77 78 79 80 81 82 83 85 86 87 93 94 95
1 25 1 2 3 4 8 10 11 14 16 18 19 20 24 25 26 28 30 31 33 34 35 36 38 41 42
1 17 2 4 8 9 10 11 13 14 15 16 17 18 22 23 27 28 30
1 58 1 3 4 6 7 10 11 12 14 18 19 20 22 23 24 25 27 29 31 32 34 36 38 39 40 43 44 45 46 47 48 49 50 53 56 58 59 60 62 63 64 66 68 70 72 73 78 79 80 81 84 87 90 91 92 94 95 97
1 63 1 2 3 4 5 6 7 9 11 12 14 16 17 20 22 23 24 25 27 28 29 30 33 38 41 43 45 46 47 49 50 52 54 55 56 60 64 65 68 70 71 72 75 76 80 82 83 84 86 87 88 89 90 91 92 93 96 100 102 103 104 105 106
1 11 1 2 4 6 7 8 9 11 14 15 18
1 8 2 3 6 11 12 13 14 17
1 66 1 2 3 4 5 7 11 13 18 19 20 21 22 23 26 27 28 29 33 34 35 37 38 39 42 43 44 45 47 48 49 50 54 56 58 59 60 61 63 65 66 67 68 69 70 71 72 73 74 78 79 80 82 83 84 85 86 87 88 90 91 93 97 99 101 103
1 20 1 3 4 5 7 10 11 14 15 16 17 18 21 22 23 25 27 28 29 30
1 12 1 2 3 4 6 7 9 12 14 16 20 22
1 19 1 2 3 5 6 8 10 11 12 13 14 15 19 22 24 26 27 28 29
1 21 3 4 5 6 8 9 10 12 13 16 17 19 20 23 24 25 26 30 33 34 35
1 3 1 2 3
1 59 1 2 3 6 7 9 10 11 12 13 14 15 16 17 18 20 21 23 24 25 27 28 29 30 31 32 33 36 37 38 41 42 43 44 47 51 52 53 54 55 56 57 58 61 63 64 65 66 67 68 69 73 75 76 77 79 80 81 82
1 53 1 2 3 4 5 8 9 10 11 16 17 19 20 21 22 27 31 32 33 34 36 37 40 41 42 44 45 49 51 52 53 54 56 58 60 61 62 63 64 65 66 69 70 71 72 74 75 76 77 80 81 82 84
1 22 1 3 5 6 8 9 10 11 12 13 15 19 23 24 25 27 28 29 30 31 32 36
1 55 4 6 7 8 9 12 13 14 15 16 17 23 24 26 29 30 31 32 34 35 36 38 41 42 43 44 45 46 48 50 51 52 53 55 59 60 61 63 64 67 68 69 71 72 74 75 76 77 78 79 80 81 83 86 87
1 54 2 5 6 8 12 14 15 16 17 18 19 20 21 22 23 24 25 26 28 30 31 34 36 37 40 43 44 46 47 48 50 52 53 54 55 57 58 62 65 66 67 68 69 70 71 72 73 75 76 77 79 82 86 90
1 10 1 4 5 7 9 10 12 14 15 16
1 19 3 5 8 11 12 15 16 17 20 21 23 24 26 29 36 37 38 39 42
1 31 1 2 3 5 6 7 8 9 10 11 12 15 16 18 19 20 23 24 28 30 31 32 33 34 35 40 42 44 45 46 47
1 30 1 3 4 5 6 7 9 10 11 12 13 16 17 18 19 20 23 24 25 27 28 29 31 33 35 36 37 39 40 42
1 1 1
1 33 3 4 5 6 8 9 10 11 12 17 18 20 22 24 25 26 29 30 36 38 40 41 42 44 46 47 48 49 53 55 60 62 63
1 13 1 4 5 6 7 12 14 15 16 17 18 20 21
1 38 1 4 6 9 10 13 14 15 18 20 21 22 26 28 29 32 33 34 35 36 37 39 44 45 46 47 48 50 58 59 60 61 63 64 66 67 68 69
1 10 1 8 10 15 16 17 22 23 24 25
1 33 1 2 4 5 8 9 11 12 15 16 17 18 20 22 23 24 26 27 28 30 32 33 35 36 37 39 42 43 44 47 48 49 52
1 14 1 2 3 4 5 6 7 9 13 14 15 17 18 19
1 14 1 2 3 4 5 6 7 8 12 13 14 16 18 19
1 50 1 2 3 7 13 14 15 16 18 19 21 22 25 26 27 28 29 31 32 35 37 38 39 40 41 42 43 44 47 48 50 51 54 57 58 59 60 61 65 68 70 72 74 75 76 77 80 82 83 85
1 25 1 2 3 5 7 8 9 10 12 13 15 19 22 23 24 25 26 28 29 30 31 32 33 35 36
1 11 2 4 6 8 9 10 12 14 16 20 21
1 14 3 4 9 10 11 12 13 16 17 20 22 23 25 28
1 19 2 5 6 7 10 12 13 14 15 17 18 21 22 23 24 26 28 29 30
1 65 3 4 7 9 12 13 18 19 20 24 25 27 28 30 31 32 33 34 38 40 41 42 44 46 47 51 52 57 58 61 65 67 68 70 71 73 76 77 80 81 83 86 87 88 91 92 93 94 95 97 98 99 101 102 105 107 108 112 120 121 123 125 126 128 131
1 54 1 4 8 11 13 14 17 18 22 25 26 27 28 29 30 33 35 37 38 39 42 43 47 48 49 51 56 58 59 61 62 63 64 66 67 70 71 72 73 74 76 78 79 80 82 85 86 87 88 90 91 93 94 95
1 20 2 3 5 14 15 17 18 19 20 23 24 25 26 27 28 30 31 32 34 35
1 37 3 4 5 7 9 10 12 13 15 16 17 19 21 25 26 27 30 33 35 37 38 39 43 44 50 51 54 55 56 57 58 60 62 63 64 66 67
1 63 1 2 3 4 5 7 9 10 12 13 14 16 17 19 20 25 27 29 32 33 34 37 38 39 41 42 43 44 46 47 48 49 51 52 54 55 56 58 60 62 64 65 67 68 70 71 72 73 74 75 77 79 80 86 87 89 93 94 97 99 100 101 102
1 10 1 2 3 4 6 8 9 12 13 14
1 27 1 2 3 4 5 6 7 9 10 12 14 18 22 23 24 26 28 29 31 32 34 35 38 46 47 48 50
1 9 4 5 7 10 12 14 19 20 22
1 67 2 3 4 5 13 14 15 17 19 20 21 22 23 25 26 27 28 29 30 31 32 34 37 38 39 43 48 49 50 51 52 53 56 57 58 59 60 61 62 63 67 71 72 73 77 78 79 80 82 84 86 87 90 91 92 96 97 98 99 100 101 102 103 104 105 107 108
1 18 1 2 3 4 7 8 10 11 12 14 15 17 18 19 20 24 26 29
1 26 1 3 4 6 7 8 10 11 13 15 16 18 19 21 23 25 26 28 31 33 35 39 40 42 43 44
1 34 2 3 4 5 7 8 9 10 12 14 17 18 19 20 21 23 24 25 26 28 34 35 36 38 43 44 45 47 48 49 50 51 54 55
1 37 1 2 3 5 11 12 14 15 16 19 20 22 24 25 27 28 29 32 33 34 36 37 38 39 40 42 44 45 48 49 50 51 52 53 55 57 58
1 31 1 3 4 5 6 8 11 12 13 14 17 18 19 20 22 23 24 28 30 31 33 34 35 39 40 41 42 43 44 45 50
1 24 2 4 5 6 7 8 9 10 12 13 14 16 17 19 21 22 25 26 27 28 30 31 32 33
1 16 2 4 7 10 17 19 22 23 24 27 28 29 31 32 35 37
1 10 2 4 5 6 7 8 11 12 13 14
1 21 1 2 4 5 7 8 9 10 11 13 19 21 23 25 26 31 32 33 34 35 36
1 1 1
1 47 1 4 5 6 7 9 12 13 14 16 17 20 21 22 23 25 26 27 31 32 33 34 39 41 42 46 48 51 53 54 56 57 58 60 61 62 66 67 70 71 72 73 74 75 77 78 79
1 13 1 2 5 10 14 18 19 20 21 22 24 25 26
1 18 1 2 3 5 6 8 9 10 13 14 16 21 23 24 26 28 29 31
1 48 1 2 5 6 7 8 9 10 13 14 16 17 18 19 22 23 26 27 28 29 31 33 34 36 37 38 39 40 41 42 43 44 46 47 49 50 51 52 54 56 57 58 60 62 63 64 68 69
1 50 3 4 5 6 9 10 11 13 14 15 17 18 20 21 24 26 28 31 33 34 35 38 39 41 42 43 47 49 50 51 52 53 58 62 63 64 65 67 68 69 70 71 72 73 74 76 78 80 81 82
1 52 1 3 4 5 6 9 10 11 12 13 16 18 19 21 22 23 25 28 29 32 33 35 36 39 41 43 45 46 48 51 52 53 59 61 62 63 65 67 69 70 71 72 73 75 76 77 79 80 81 82 83 84
1 28 1 6 7 8 9 10 11 12 13 14 16 17 18 19 20 22 27 28 29 31 32 34 35 39 41 44 45 49
1 6 1 5 7 9 13 14
1 62 3 6 7 8 10 11 14 15 16 18 22 25 26 28 29 31 33 34 35 36 37 45 47 48 49 50 52 53 54 55 56 57 58 59 60 63 64 65 67 68 69 70 72 73 75 76 77 78 80 81 83 85 87 88 89 90 91 93 95 96 98 99
1 14 1 3 5 6 8 9 11 13 14 15 17 18 20 21
1 33 2 3 4 5 6 8 9 10 12 16 17 18 19 20 21 22 25 26 27 30 31 32 33 34 36 38 40 42 44 45 47 55 56
1 15 1 3 4 5 6 7 10 12 13 14 15 16 18 20 21
1 28 1 2 3 4 5 6 8 12 14 15 16 19 20 22 23 24 26 27 28 29 31 33 34 35 36 37 38 39
1 32 3 6 8 10 11 12 14 15 18 19 21 24 27 28 29 30 34 35 37 38 40 42 43 44 47 48 49 50 51 53 54 55
1 40 1 2 3 6 7 9 10 11 14 15 18 20 22 24 25 32 36 39 40 41 43 46 47 49 50 51 52 53 54 55 56 57 58 59 62 64 66 67 68 69
1 1 1
1 4 2 6 8 10
1 10 1 2 3 4 6 7 9 11 12 13
1 51 1 2 3 4 5 10 11 13 14 15 17 18 19 20 21 22 25 26 31 32 34 35 38 39 40 42 43 44 45 46 50 53 54 62 63 65 66 67 68 74 76 77 83 86 87 88 89 91 92 94 95
1 19 2 3 4 8 9 10 11 13 14 15 16 18 19 20 24 25 26 27 28
1 7 5 6 7 8 9 10 11
1 37 2 3 4 5 6 9 10 13 15 16 17 18 19 20 22 23 24 25 26 28 29 30 34 35 36 37 38 39 43 44 45 47 49 55 56 58 59
1 55 1 2 4 6 7 10 13 16 17 18 19 22 24 25 26 28 31 32 33 35 36 37 38 42 43 44 45 47 48 49 50 52 54 55 56 57 58 59 60 61 63 66 67 68 69 70 73 74 75 76 77 78 80 81 82
1 48 3 5 6 7 8 11 12 14 16 18 19 20 21 22 24 26 28 30 32 34 37 39 41 42 45 46 48 49 52 55 56 58 60 61 62 63 64 65 66 67 70 73 76 80 81 85 87 89
1 40 1 2 3 4 5 6 9 10 13 16 17 18 19 20 21 24 25 26 27 31 34 36 37 40 41 43 44 45 46 54 55 57 58 60 62 63 64 66 70 71
1 11 4 6 7 13 16 17 18 20 22 24 25
1 35 2 3 4 5 6 7 9 13 14 15 16 20 22 23 24 25 26 27 32 33 35 36 37 39 42 43 44 45 46 49 50 55 56 58 61
2 43
1 9 2 4 5 8 11 13 15 18 19
1 16 1 2 3 4 6 10 11 12 18 19 22 25 32 33 35 36
1 47 1 2 3 5 6 7 8 9 10 12 14 15 16 17 18 20 23 28 29 30 31 32 33 34 35 36 37 38 39 41 42 43 45 46 47 48 49 50 52 53 55 57 58 63 65 66 67
1 30 1 2 3 5 6 7 8 10 12 13 15 16 17 21 22 24 25 28 29 30 31 32 33 34 35 36 37 38 39 40
1 28 4 7 10 12 13 14 15 16 17 18 20 25 26 28 30 33 35 36 38 39 40 53 56 61 63 64 67 69
1 19 1 3 4 6 10 11 12 13 16 20 21 22 23 24 26 31 32 33 36
1 13 2 3 4 5 6 9 13 14 16 17 19 21 22
1 60 1 4 5 8 9 12 13 16 17 18 20 21 24 25 27 28 29 30 31 32 33 35 36 39 42 47 48 49 50 52 53 54 55 57 58 59 61 62 64 66 68 69 70 71 72 73 77 78 79 80 81 82 84 85 86 87 90 91 92 94
2 145
1 29 1 2 4 6 7 9 10 11 12 14 15 16 22 23 26 27 28 29 31 36 37 38 41 42 44 45 48 51 52
1 43 2 6 8 11 12 13 15 16 17 19 20 23 28 29 30 31 32 34 36 37 38 41 42 43 45 46 48 50 51 55 56 57 59 60 61 62 63 64 65 68 69 70 74
1 28 3 4 6 7 8 13 14 18 20 21 22 23 24 26 27 28 32 33 35 37 39 40 42 43 45 47 49 50
1 24 1 4 5 8 9 12 14 16 17 18 20 21 22 26 27 28 29 30 32 35 36 38 40 41
1 17 3 4 5 6 9 11 15 16 17 19 21 23 25 28 29 30 31
1 36 2 3 4 5 6 7 10 12 13 14 17 19 20 21 22 23 27 29 30 31 33 34 35 38 39 41 45 46 47 48 49 51 53 54 56 60
1 47 2 3 4 5 7 8 10 11 13 18 19 20 21 22 24 26 27 28 29 30 31 32 35 37 38 39 40 43 44 45 47 48 50 51 52 55 56 58 59 62 63 64 66 67 70 72 73
1 10 2 3 4 6 7 8 10 11 13 15
1 57 1 2 6 7 8 11 12 13 14 15 16 18 21 22 23 24 26 28 30 31 32 33 35 36 37 38 42 43 47 48 49 51 53 54 56 57 58 65 66 67 68 70 72 73 76 79 80 81 82 83 84 85 86 88 89 90 91
1 32 2 3 4 5 6 8 9 11 12 15 16 18 19 20 24 25 28 29 30 31 35 37 38 39 40 41 42 44 45 46 47 48
1 1 2
1 64 2 3 4 6 7 8 9 10 11 12 16 19 21 22 23 26 28 30 31 32 34 36 37 39 40 41 42 45 46 47 48 49 51 52 53 54 55 56 59 62 63 64 65 66 72 74 76 77 78 80 81 82 83 84 85 86 87 89 90 92 93 94 95 97
1 34 1 2 3 7 9 10 11 12 13 14 15 18 21 22 23 24 25 26 29 32 33 36 37 38 40 41 42 43 44 45 46 47 48 49
1 43 2 4 6 7 8 10 11 12 15 16 17 18 19 20 23 24 28 29 30 31 33 35 36 37 39 40 41 42 43 47 48 49 51 53 54 56 57 59 61 63 64 65 67
1 67 1 2 6 7 8 9 10 15 17 22 23 25 27 28 30 31 33 34 36 41 42 44 45 46 48 49 50 52 54 55 57 60 62 64 65 66 69 70 71 72 73 76 78 80 82 83 84 87 88 89 91 94 98 100 101 103 104 106 107 110 112 115 118 119 123 127 128
1 3 4 5 7
1 29 1 2 4 5 6 7 9 10 13 14 15 17 18 19 20 21 22 23 26 29 31 32 33 36 37 43 44 45 46
1 63 2 4 6 7 8 9 10 11 12 13 15 17 19 21 23 25 26 27 29 30 32 33 35 37 39 40 43 44 45 47 48 50 51 52 53 54 56 57 58 59 60 61 63 64 66 69 70 72 73 74 75 76 77 78 79 80 83 84 85 88 89 90 92
1 24 1 2 3 4 11 12 13 14 15 16 17 18 19 20 21 22 23 26 27 32 34 35 36 37
1 63 2 4 6 8 13 16 17 18 20 22 24 25 27 28 29 32 33 34 36 39 42 43 46 47 48 49 52 53 54 55 57 58 60 62 63 65 66 67 70 71 75 76 77 78 79 81 84 86 87 88 89 94 95 96 97 99 103 105 106 107 108 110 113
1 13 1 2 3 6 7 8 10 12 13 15 16 19 20
1 17 1 3 4 6 7 9 10 11 12 13 15 20 22 23 25 26 27
1 29 2 3 4 6 7 9 11 12 15 16 19 20 21 22 23 24 27 30 31 34 36 39 40 41 42 44 45 46 47
1 5 1 2 3 6 7
1 28 1 2 3 4 5 7 9 13 14 15 16 17 19 20 22 24 27 28 29 30 31 34 35 36 38 39 43 44
1 48 2 6 9 10 12 13 14 15 17 18 20 21 22 26 27 28 31 32 37 38 39 40 41 43 45 48 49 50 53 54 57 59 61 63 67 70 72 73 74 75 76 77 78 79 80 81 82 85
1 52 2 3 4 7 10 11 12 16 17 18 19 22 24 25 27 28 29 31 32 33 34 35 36 37 38 39 40 42 45 46 47 48 49 50 52 53 54 55 58 59 60 61 62 64 65 66 67 69 70 71 72 76
1 67 4 5 6 8 10 12 15 17 18 19 20 21 23 24 25 26 29 32 33 34 35 38 39 42 43 44 47 48 50 51 53 54 55 57 58 60 62 63 64 65 66 67 68 69 70 71 73 74 75 79 81 86 89 90 91 92 93 95 96 97 98 100 102 103 104 108 112
1 6 1 4 5 7 9 10
1 65 1 2 3 5 6 8 9 12 13 14 15 18 19 22 24 25 27 28 29 30 31 32 33 34 36 41 43 44 45 46 48 52 53 54 56 57 58 61 62 67 68 69 70 71 72 73 75 76 78 80 82 83 86 87 90 93 97 100 101 102 103 104 107 108 109
1 61 3 4 5 6 7 11 13 15 16 17 18 20 23 24 25 28 29 30 33 34 35 36 37 38 42 47 48 49 50 51 53 54 55 56 57 59 60 64 66 67 68 71 72 76 77 81 82 83 84 86 87 89 91 93 94 96 100 102 104 108 109
1 2 1 6
1 18 1 2 4 6 7 8 10 11 13 15 16 17 18 19 20 21 22 23
1 39 1 4 6 7 8 9 10 14 18 19 20 24 26 28 29 33 34 36 39 40 42 44 45 47 50 51 52 53 58 59 60 62 65 66 67 68 69 70 71
1 44 4 5 6 7 8 10 11 14 17 20 22 24 25 26 27 28 29 33 34 37 38 39 40 41 44 45 47 48 49 51 52 53 55 59 60 61 63 64 65 67 68 72 74 77
1 7 3 4 6 7 8 9 10
1 21 1 2 5 6 7 8 10 13 14 15 16 17 19 20 24 28 30 32 34 39 40
1 50 1 2 3 6 7 9 10 11 12 13 16 19 21 26 27 28 30 31 32 33 34 35 36 37 38 40 41 42 46 47 48 49 51 53 57 58 59 60 64 65 67 68 69 70 71 72 75 76 77 78
1 32 1 3 5 6 7 8 9 10 12 13 18 20 22 23 24 25 26 28 29 30 31 33 35 38 39 40 42 43 44 46 47 48
1 2 2 3
1 19 3 5 7 8 9 11 12 17 20 22 24 26 27 29 31 34 35 38 39
1 24 1 4 6 7 8 9 10 13 15 17 19 20 23 24 26 29 30 31 32 33 34 35 36 37
1 48 1 3 6 7 8 9 10 12 14 15 18 20 21 25 26 27 29 31 32 35 37 38 39 42 43 44 45 47 48 49 50 51 52 53 55 56 57 58 59 61 62 64 65 67 68 69 70 75
1 65 2 3 5 6 9 10 11 13 15 17 18 20 23 26 27 29 31 33 34 35 36 37 39 40 41 43 44 46 47 49 51 57 59 60 63 67 69 70 73 74 76 77 78 80 81 82 84 85 86 88 89 91 92 94 97 99 101 102 104 105 107 108 109 110 112
1 53 2 4 5 7 10 11 13 14 15 16 18 19 20 23 24 25 26 27 28 29 36 41 43 45 46 47 48 49 51 52 55 61 62 63 64 66 69 70 71 76 77 79 80 81 82 83 84 85 87 88 89 91 94
1 33 1 2 3 5 6 7 12 14 15 19 20 21 22 24 25 27 28 29 30 35 41 42 43 44 45 46 48 49 50 52 53 54 55
1 61 1 2 3 4 7 10 11 12 14 15 17 18 19 25 26 27 28 30 32 36 37 38 39 41 42 44 45 46 48 49 50 51 52 55 56 58 59 61 63 65 66 67 69 70 73 74 75 80 81 82 83 85 86 87 90 92 93 95 96 97 100
1 46 1 2 3 5 7 9 10 11 13 14 16 17 19 20 21 23 24 27 28 29 32 33 34 38 39 41 43 44 47 48 50 52 53 54 56 58 59 60 62 63 67 68 73 74 75 78
1 51 2 3 4 5 7 10 11 13 14 15 16 18 19 20 21 24 25 29 30 31 32 33 34 37 41 42 43 46 49 51 53 59 60 61 62 63 64 65 66 67 68 70 71 72 73 75 78 81 83 84 85
1 18 1 2 5 7 8 9 10 11 12 16 17 18 20 22 23 24 25 26
1 12 1 2 5 6 7 8 9 11 12 14 16 18
1 29 1 2 5 6 7 10 11 13 14 16 20 21 23 25 26 28 31 32 35 36 38 40 41 42 43 44 47 51 53
1 41 1 3 4 5 6 8 9 10 11 12 14 15 16 17 18 21 25 27 28 29 30 34 37 38 39 40 43 44 45 49 50 51 52 53 54 55 57 58 61 62 64
1 64 3 4 5 6 7 10 12 13 15 16 19 21 26 28 30 35 36 38 39 40 41 43 44 45 46 47 48 50 51 52 55 57 58 59 61 63 64 66 68 70 72 73 74 77 78 80 81 83 84 85 86 87 90 92 94 96 98 100 101 106 107 108 109 110
1 49 4 5 9 10 11 12 14 15 16 18 19 20 21 22 23 24 25 27 28 29 30 33 34 35 36 37 38 39 40 42 43 44 45 48 49 50 54 55 56 59 61 62 63 64 65 67 71 73 74
1 44 2 4 6 7 8 10 16 18 21 25 29 30 31 32 37 38 40 43 45 46 47 50 52 53 55 59 60 61 62 63 64 65 66 67 68 71 73 76 78 82 83 84 85 86
1 57 2 3 5 6 11 12 15 17 20 22 23 27 28 29 31 33 37 38 39 41 42 43 45 46 47 48 49 50 52 54 58 59 60 61 62 63 66 67 69 72 74 75 76 77 78 81 82 83 85 86 87 90 92 94 96 97 99
1 20 2 5 7 10 11 15 16 17 21 23 25 26 28 29 30 31 35 37 40 41
1 7 2 3 4 6 7 9 12
1 52 3 4 5 7 9 10 11 12 13 14 15 17 19 20 21 22 24 30 31 32 33 34 38 39 40 42 44 47 50 51 52 53 54 55 56 58 60 61 62 63 64 65 66 69 70 72 73 74 77 81 82 83
1 44 1 5 6 9 11 12 16 17 19 20 21 24 25 27 28 29 32 33 36 37 38 41 42 44 46 47 48 49 53 55 56 60 61 63 64 65 66 68 71 72 73 74 76 77
1 5 2 3 6 8 12
1 47 4 7 8 10 12 13 15 16 17 19 20 21 23 24 25 26 27 29 30 31 33 35 36 38 40 41 43 44 45 46 47 48 49 50 52 54 55 56 57 59 60 61 63 66 70 71 72
1 51 3 5 8 9 10 11 13 15 16 17 18 19 20 22 27 29 30 31 33 35 36 41 42 45 46 47 48 49 50 51 52 53 55 56 57 60 61 63 64 66 67 70 72 73 74 77 78 79 81 83 84
1 57 2 5 7 8 13 18 19 22 23 24 25 26 27 28 31 33 35 37 38 39 40 41 42 43 45 48 49 50 51 52 53 55 57 58 59 61 62 64 65 68 69 70 71 72 75 77 78 80 81 83 84 85 86 88 90 91 92
1 55 1 3 6 7 11 17 18 24 25 26 28 29 30 33 34 39 40 43 44 45 46 47 53 55 56 57 60 61 65 66 69 70 72 73 75 76 78 79 82 83 84 85 87 88 89 90 92 94 95 96 98 99 101 102 104
1 46 2 4 5 6 8 10 11 12 15 18 19 20 21 22 24 28 29 30 34 35 36 37 38 39 41 43 44 46 47 48 49 51 54 56 58 60 63 64 66 67 68 69 72 75 76 79
1 55 1 4 5 6 9 10 12 13 16 18 20 22 24 27 28 30 33 34 36 37 38 40 47 48 49 54 56 59 60 63 64 65 68 69 73 75 76 80 81 88 92 93 97 99 100 101 102 103 104 107 109 114 115 116 119
1 11 1 2 4 5 7 8 10 12 15 16 19
1 6 3 4 5 7 8 9
1 32 1 3 4 5 8 10 14 15 17 19 20 24 26 27 29 30 31 32 34 35 37 39 41 42 43 45 47 48 51 54 55 59
1 31 1 3 7 8 9 10 11 14 15 17 18 19 20 21 22 23 26 27 29 30 31 36 37 39 40 41 43 44 45 46 47
1 30 1 2 6 11 12 14 17 19 21 22 23 25 27 28 30 32 35 36 38 39 40 41 42 45 47 48 53 55 56 58
1 62 2 4 5 6 8 15 16 17 18 19 22 24 25 28 34 35 39 40 42 50 51 53 54 55 58 59 60 61 62 64 69 70 71 73 74 75 76 77 78 79 80 84 85 87 89 90 91 92 95 96 97 98 100 102 104 105 106 107 111 113 115 116
1 40 4 5 6 8 10 11 13 15 16 21 22 23 25 26 28 30 32 33 34 35 36 37 39 41 44 45 46 47 49 53 55 57 58 59 61 62 63 65 66 67
1 14 1 2 3 7 8 11 12 14 15 16 18 19 22 27
1 50 2 3 5 7 10 11 12 13 14 15 16 17 20 21 24 25 26 27 31 32 33 35 38 39 40 43 44 45 46 50 51 52 54 55 56 59 61 62 63 65 66 69 70 72 79 80 82 83 85 87
1 50 1 2 3 4 6 9 10 12 13 14 16 17 19 22 24 25 26 27 30 31 32 33 34 36 38 39 40 45 46 48 51 52 53 54 55 57 58 59 62 63 65 66 68 69 71 73 75 76 77 78
1 34 1 3 5 6 8 9 11 12 15 17 19 21 22 24 25 26 28 29 33 39 40 41 47 48 49 50 51 52 53 54 56 59 60 62
1 57 2 3 4 5 6 7 9 11 12 13 14 17 18 19 20 21 23 24 26 27 29 31 34 39 40 42 43 48 49 51 52 53 54 55 56 57 58 61 62 66 67 68 69 71 73 74 75 76 77 78 79 80 81 83 84 85 86
1 54 3 4 5 6 9 10 11 12 15 16 18 21 23 24 28 29 30 37 40 41 43 44 48 51 53 54 55 57 61 62 63 64 65 68 69 72 73 74 75 77 78 80 81 82 83 86 87 90 91 95 96 97 98 100
1 29 1 3 5 8 10 11 12 13 14 17 19 21 22 24 25 26 27 28 30 31 33 36 40 42 43 47 49 50 51
1 3 1 2 3
1 62 2 3 4 7 9 11 12 13 14 15 16 17 18 19 20 21 22 24 25 28 32 33 35 36 37 38 40 41 42 44 49 52 53 54 55 62 63 65 66 68 69 70 72 73 74 75 76 77 84 85 86 87 90 91 95 96 97 98 99 101 102 103
1 12 1 2 3 4 5 6 8 9 12 13 14 15
1 38 1 2 4 5 6 7 8 10 13 14 15 16 18 19 20 21 24 25 26 27 28 31 32 34 35 36 39 42 43 47 49 51 52 53 54 55 58 59
1 24 1 2 4 5 6 7 9 10 12 14 15 16 18 19 21 22 26 28 30 31 32 33 34 38
1 37 1 3 4 5 6 7 9 10 11 12 16 17 18 20 22 27 28 29 30 31 32 33 34 36 37 38 41 42 43 45 46 47 51 53 54 55 57
1 35 1 2 4 6 7 10 11 13 14 15 18 20 21 24 25 26 27 29 31 34 35 36 38 39 41 44 45 48 49 51 52 53 55 57 58
1 25 1 3 4 5 9 10 12 13 14 17 18 21 22 24 26 27 31 32 34 36 39 40 42 43 45
1 22 1 2 3 4 5 6 7 8 9 10 11 12 14 15 17 18 21 22 24 25 26 28
1 64 2 3 4 9 10 11 15 16 18 21 22 23 24 26 29 30 31 32 33 34 35 37 41 42 45 46 47 48 49 50 52 54 56 58 59 60 63 66 70 71 72 73 74 75 78 80 82 83 84 85 88 89 90 94 96 99 101 103 105 106 109 110 111 112
1 46 1 3 4 5 6 7 8 9 12 16 17 18 19 22 25 26 28 31 32 33 34 35 38 39 40 42 44 45 46 47 48 49 51 52 53 54 55 56 57 59 62 64 65 66 68 69
1 19 1 4 5 7 9 10 12 14 15 16 19 23 24 25 26 28 34 37 38
1 45 1 2 3 5 6 7 8 9 14 15 18 20 21 22 24 25 26 28 31 33 34 35 36 38 39 41 43 44 48 50 56 57 58 61 66 67 69 70 71 72 74 75 77 78 80
1 16 2 3 5 6 7 10 11 12 14 15 16 21 22 23 26 27
1 39 1 2 3 4 5 6 9 10 12 13 16 18 21 22 23 24 25 27 29 32 33 34 36 37 39 42 43 45 46 49 51 53 54 55 58 59 60 61 62
1 35 2 3 4 5 10 12 13 15 17 22 23 25 27 28 31 32 33 35 38 40 41 42 44 47 48 51 52 53 57 58 59 60 61 62 64
1 49 2 3 4 7 11 13 14 15 16 17 18 19 20 21 22 23 24 25 27 29 31 32 34 35 38 39 40 42 43 44 46 50 51 53 54 56 57 58 59 60 61 62 66 67 68 71 72 73 80
1 23 1 2 5 6 7 8 9 10 11 12 13 14 15 16 17 18 19 20 21 23 25 26 27
1 22 2 6 8 9 10 11 13 14 15 16 18 20 21 22 24 25 27 28 31 32 34 35
1 58 1 2 3 6 7 9 11 12 13 15 16 17 19 22 24 26 27 28 30 33 35 39 40 42 43 44 46 48 49 51 52 54 57 58 59 60 61 62 64 67 68 71 72 73 74 75 76 77 79 81 82 83 85 86 87 88 90 91
1 18 2 5 7 9 10 11 12 13 14 15 17 18 19 20 22 24 25 26
1 10 3 8 9 16 17 18 22 23 29 31
1 23 1 3 6 8 9 10 11 16 19 20 21 22 23 26 27 28 30 32 33 34 35 36 37
1 16 1 2 3 4 5 6 7 10 12 13 16 17 18 19 20 21
1 67 1 4 5 6 7 8 9 13 14 15 16 17 18 21 22 23 25 26 27 28 29 30 32 34 35 36 37 38 43 44 48 49 50 52 53 54 59 61 63 64 65 67 68 72 74 76 77 80 83 86 87 88 91 92 94 95 96 97 98 99 102 103 104 107 113 114 115
1 63 3 4 5 6 8 9 12 13 14 20 21 22 24 25 26 27 30 32 33 34 36 38 41 43 44 48 49 51 53 55 61 62 64 65 66 67 69 72 73 75 77 80 81 82 83 84 85 86 87 93 98 100 101 104 106 107 108 109 110 111 116 117 118
1 58 1 2 5 6 7 8 11 12 13 14 16 18 19 20 21 22 23 25 26 28 29 31 32 34 35 37 40 43 44 45 46 47 49 50 51 52 53 54 57 58 59 60 61 62 63 65 67 68 69 71 75 76 77 80 81 82 83 84
1 45 1 2 4 6 7 11 12 13 14 15 17 18 20 22 23 24 26 27 28 29 30 31 32 34 35 37 39 40 43 44 47 48 49 50 51 52 53 55 56 57 58 60 63 64 69
1 18 1 2 4 5 6 7 8 9 10 11 12 13 14 15 16 18 21 22
1 53 1 4 6 7 9 10 12 13 15 16 17 18 19 20 23 24 26 29 30 33 34 35 40 41 43 45 46 49 50 52 56 57 58 60 61 63 67 69 72 73 74 76 78 79 81 82 83 84 85 86 89 96 97
1 11 3 5 6 7 8 9 11 12 13 14 15
1 29 1 2 3 5 6 8 9 12 13 17 19 22 23 26 33 36 37 38 39 40 41 42 43 45 46 47 48 50 51
1 3 4 7 10
1 36 1 7 11 13 14 16 17 23 24 25 26 28 30 31 32 34 35 37 40 41 42 43 44 45 47 50 52 53 54 56 57 62 63 67 69 71
1 64 4 5 7 11 12 14 18 19 23 24 25 26 27 28 29 30 31 32 33 34 35 36 41 42 43 47 50 51 52 53 57 59 62 64 65 67 69 70 72 73 84 86 87 88 89 90 93 94 96 97 98 99 100 102 103 105 109 110 111 112 114 115 116 119
1 8 2 4 5 6 8 9 10 13
1 42 1 3 6 7 8 9 11 13 16 19 22 25 26 27 28 29 31 34 35 39 40 41 42 47 51 54 56 57 62 63 64 66 68 69 70 71 75 76 77 78 79 80
1 33 1 3 7 8 10 11 12 13 14 16 18 20 22 23 24 25 31 32 36 38 41 42 44 45 46 47 48 50 51 54 55 56 57
1 61 1 2 3 4 5 8 9 12 13 14 16 18 20 22 24 26 27 29 30 33 35 36 37 38 39 40 41 44 45 48 49 50 51 52 53 54 58 60 64 66 70 71 72 76 77 79 81 83 85 88 89 90 92 93 97 98 99 104 105 106 108
1 12 3 5 6 7 8 12 13 14 15 16 19 20
1 46 1 4 6 7 8 9 10 15 16 17 18 19 20 21 25 26 27 30 32 33 35 36 38 41 42 44 47 48 49 50 53 55 56 57 58 59 62 65 67 68 69 70 71 73 75 76
1 23 1 3 7 8 11 12 14 19 21 24 26 27 29 30 32 33 34 35 38 39 40 43 45
1 50 2 3 4 5 7 8 9 13 16 17 19 20 21 22 23 31 34 35 37 38 40 41 42 44 47 48 49 52 53 55 57 58 59 60 61 62 64 65 66 67 68 69 73 75 77 79 80 82 84 87
1 37 1 2 6 7 8 9 10 11 13 14 15 16 17 19 20 21 23 25 27 28 29 30 35 36 37 38 40 42 43 44 46 50 52 54 58 59 60
1 43 1 4 5 6 7 9 10 12 13 15 16 17 18 19 20 22 27 28 29 31 33 34 35 36 37 39 40 41 42 44 45 46 48 49 50 51 53 54 56 57 58 61 62
1 37 2 4 7 8 9 10 11 14 15 16 17 21 23 24 27 28 30 31 32 37 41 42 43 46 48 54 59 62 64 65 66 67 69 70 71 72 76
1 4 2 3 4 5
1 12 1 2 4 5 6 7 11 12 13 14 15 16
1 51 1 6 7 8 11 12 13 15 16 17 19 20 21 22 23 27 29 30 31 32 33 34 36 38 40 43 44 50 52 53 57 58 60 62 64 65 70 71 72 74 75 76 77 78 80 81 85 86 87 88 89
1 13 1 2 3 4 5 8 10 13 16 17 19 20 21
1 36 2 3 5 6 8 9 10 11 12 13 14 15 16 17 19 20 22 23 24 25 26 27 28 29 31 33 36 37 39 40 44 45 47 48 49 50
1 15 1 3 4 6 8 9 10 11 13 14 17 18 19 21 25
1 39 3 4 6 8 9 14 15 16 17 18 20 22 23 24 26 27 29 30 31 32 33 34 35 37 38 39 40 41 42 45 46 47 48 49 50 51 52 53 55
1 43 2 3 4 5 7 10 11 13 14 15 16 18 19 20 21 22 23 25 28 29 30 31 33 37 38 39 42 43 44 46 50 52 53 54 55 56 59 60 62 69 70 72 73
1 10 1 2 3 5 6 7 9 10 12 15
1 57 1 2 3 5 7 10 12 13 16 17 18 24 25 27 29 30 31 32 33 36 37 39 40 41 43 45 46 47 48 49 50 51 55 56 58 59 60 63 65 67 68 69 70 71 72 74 77 80 84 86 87 88 89 91 92 94 95
1 53 1 2 3 4 7 8 13 15 16 18 19 20 22 25 26 27 28 31 32 34 35 36 37 39 40 45 47 48 50 51 52 53 54 55 56 58 62 65 66 67 68 70 74 76 78 79 80 81 82 83 85 89 90
1 55 1 3 4 6 8 10 12 14 15 20 21 22 23 24 26 27 28 30 31 32 34 35 38 39 41 43 44 45 47 49 51 53 58 61 62 63 64 65 66 67 68 72 73 75 76 79 80 81 83 84 85 87 88 89 91
1 27 1 3 7 8 10 11 12 14 15 18 19 20 22 24 26 28 29 30 32 34 35 37 38 39 40 42 43
1 7 3 6 7 8 10 11 12
1 3 1 2 3
1 41 2 4 5 9 11 12 15 16 17 18 20 24 25 26 27 28 29 30 32 33 34 35 36 37 38 40 42 44 47 49 50 51 52 53 54 55 56 57 58 59 60
1 54 4 6 7 10 12 14 19 21 22 23 24 25 26 28 29 30 33 34 35 36 37 40 42 43 47 48 51 53 54 55 58 59 60 62 64 65 71 72 73 75 76 77 79 81 82 84 85 88 89 91 92 93 94 95
1 27 1 3 4 6 7 10 11 14 15 16 18 19 20 22 24 28 30 31 32 37 38 39 40 41 43 44 47
1 63 1 3 5 7 8 9 10 11 12 14 16 19 20 22 23 24 25 26 28 33 34 35 38 40 41 42 43 45 46 47 49 50 51 52 53 54 55 57 58 59 60 64 68 69 70 72 73 74 75 77 78 80 81 82 83 84 86 88 89 90 93 100 101
1 12 3 4 5 8 11 13 14 16 20 22 23 25
1 46 2 5 7 11 12 13 14 16 17 18 20 22 23 25 26 29 30 32 33 34 36 37 38 41 43 45 46 47 48 49 50 51 53 54 55 59 60 62 63 64 65 66 68 71 77 79
1 11 1 4 5 6 8 9 11 13 14 15 17
1 34 1 4 6 8 10 12 13 14 15 16 18 20 21 22 23 26 28 30 31 32 34 37 38 39 40 44 46 47 48 49 52 54 55 56
1 37 1 5 6 7 8 9 10 11 13 17 18 21 22 23 25 26 28 31 32 33 34 35 39 42 43 47 51 52 53 55 56 58 60 61 62 65 66
1 9 2 3 4 5 7 9 12 13 14
1 43 2 3 5 6 7 8 9 10 11 13 14 17 18 19 24 25 28 29 31 32 33 36 39 40 41 43 44 46 48 50 51 53 55 57 60 61 65 66 68 72 73 74 75
1 39 3 4 7 8 10 11 12 15 16 18 19 20 22 26 27 28 29 35 37 38 39 41 42 46 48 49 50 54 55 56 57 58 59 60 62 64 65 67 69
1 21 1 4 7 8 20 22 27 28 29 31 33 34 38 39 40 42 43 45 46 48 49
1 56 3 4 5 8 10 11 14 15 17 18 19 21 23 26 27 30 32 33 34 35 36 37 39 40 43 44 45 48 49 50 53 54 55 56 63 66 68 69 70 71 73 74 75 76 78 79 80 82 83 84 87 92 93 95 96 97
1 26 1 2 3 5 6 7 10 11 15 18 19 20 24 25 28 29 31 33 34 37 39 41 42 44 46 47
1 27 1 3 4 5 6 7 8 9 10 12 13 14 15 18 19 20 21 22 23 25 27 30 31 34 36 38 40
1 49 2 3 5 6 8 9 10 11 12 13 16 20 22 23 24 27 28 29 30 31 32 33 34 35 36 37 38 41 42 45 47 48 51 52 54 58 59 60 62 64 65 66 67 68 73 74 75 76 77
1 36 1 2 3 5 6 9 10 11 13 16 18 21 24 25 29 30 31 32 34 35 38 39 40 41 43 44 45 50 51 52 55 57 58 59 60 61
1 40 1 2 3 4 7 11 13 14 18 19 22 25 27 28 31 35 37 38 39 40 42 43 44 46 47 49 50 54 56 61 64 66 68 70 72 73 74 76 78 82
1 32 2 3 4 5 7 8 9 10 17 18 20 23 27 29 32 33 34 36 38 39 40 41 43 44 49 50 51 52 53 55 57 58
1 14 1 4 5 6 9 11 12 15 16 20 22 25 27 29
1 45 1 2 5 8 9 10 14 16 17 18 19 20 21 23 26 28 29 32 34 35 38 39 41 45 47 48 50 51 52 54 55 56 57 58 60 63 65 66 69 70 71 73 75 76 77
1 35 1 5 7 8 10 11 12 14 16 18 20 22 23 25 26 27 28 29 31 33 36 37 38 39 40 45 46 47 49 50 51 53 55 57 60
1 43 1 2 3 5 6 10 11 15 16 20 21 22 24 25 26 27 28 30 31 36 39 40 41 43 44 46 48 50 51 56 57 58 60 61 62 65 68 69 70 73 75 77 78
1 16 2 3 5 7 10 11 12 13 14 15 16 17 19 20 22 25
1 35 2 4 6 8 9 12 13 15 16 17 18 20 23 24 25 26 27 29 30 31 34 37 40 41 42 48 51 53 54 55 58 59 61 64 67
1 46 1 2 3 4 5 6 7 8 9 14 19 21 22 24 27 28 29 30 31 32 34 35 36 37 38 39 41 42 43 44 45 47 49 50 52 54 55 56 57 60 61 62 63 68 69 72
1 2 2 4
1 58 3 4 5 7 8 9 10 11 13 14 16 17 18 20 23 24 25 26 28 29 31 33 35 36 37 39 41 42 45 46 47 50 51 52 53 54 55 57 58 61 62 63 65 68 69 70 73 75 76 77 78 80 81 82 83 85 87 90
1 36 2 3 4 6 7 10 12 15 18 22 23 24 25 26 27 28 29 30 31 32 33 36 37 38 39 41 42 43 46 47 50 51 52 53 54 56
1 30 2 3 4 6 10 14 17 18 21 22 23 28 30 31 32 33 34 36 37 38 39 41 42 43 45 46 47 48 49 50
1 12 1 3 5 6 7 8 10 14 15 16 17 18
1 8 1 2 3 4 6 8 10 12
1 7 2 3 4 5 7 8 9
1 5 1 4 5 6 7
1 29 2 5 8 10 12 13 14 15 16 17 19 21 22 23 24 25 26 29 30 33 34 36 37 40 43 45 46 47 48
1 39 2 5 8 11 13 14 15 18 20 23 24 27 30 32 34 35 43 44 45 46 49 50 52 53 56 57 59 60 61 62 63 70 71 73 74 75 76 78 79
1 53 1 4 5 7 9 12 19 20 24 25 27 28 29 30 31 32 34 36 40 41 42 43 44 45 46 47 49 50 51 54 56 57 58 61 63 64 65 66 68 69 71 72 73 74 75 76 78 79 81 82 84 85 87
1 27 2 4 6 9 10 12 14 15 17 19 20 21 23 25 27 28 29 31 32 33 34 35 36 38 39 40 41
1 14 1 3 4 6 7 10 11 15 16 17 18 20 22 23
1 51 1 2 3 5 6 7 8 9 10 11 12 13 14 15 16 17 20 22 23 24 25 26 28 29 33 36 38 40 43 44 45 46 47 48 51 54 56 60 64 67 69 70 71 73 76 78 79 80 82 84 87
1 57 2 3 8 10 11 12 13 14 15 18 19 20 22 23 24 26 27 30 31 33 34 35 37 41 42 43 45 46 47 48 49 50 51 52 53 54 58 61 62 63 64 66 69 72 73 75 76 78 79 81 83 84 85 87 88 89 90
1 51 1 3 6 8 9 10 11 12 13 14 15 21 22 23 25 26 27 28 29 30 31 32 33 37 38 39 40 41 42 44 46 49 51 52 54 58 60 61 62 63 64 65 66 67 68 72 74 76 77 78 79
1 38 2 3 5 6 7 9 10 11 13 14 15 18 19 20 22 24 25 26 28 31 32 34 37 38 40 41 44 45 46 50 52 53 54 55 57 58 59 61
1 16 1 2 8 9 12 15 16 18 19 21 22 23 25 26 27 28
1 9 1 2 4 5 6 8 11 14 15
1 32 2 3 4 5 6 8 9 10 11 14 16 20 22 25 26 27 28 29 30 33 36 39 41 42 43 45 46 47 50 53 55 56
1 21 1 2 3 4 5 6 7 9 10 11 12 13 17 18 19 20 22 26 27 28 31
1 44 2 3 4 5 9 13 14 17 18 19 22 23 25 26 27 28 30 32 34 35 36 38 39 40 41 42 43 44 46 47 48 51 52 56 59 62 63 64 65 67 69 70 71 72
1 37 1 4 5 6 8 9 10 11 12 13 14 17 18 19 21 23 25 28 29 31 34 38 41 43 44 46 47 48 49 51 52 53 55 56 57 58 61
1 61 1 3 4 5 6 7 9 10 11 12 14 17 18 19 21 25 27 28 29 30 31 32 33 35 37 38 39 41 45 46 47 48 49 50 51 52 53 54 55 60 61 64 67 68 70 71 73 74 75 76 77 80 81 82 83 84 85 86 87 92 94
1 28 1 2 4 5 6 7 10 13 18 19 20 21 22 24 25 27 28 30 31 32 33 34 36 38 42 43 45 46
1 40 3 4 5 10 11 13 14 15 17 18 22 28 30 32 33 34 35 36 37 38 39 40 41 43 45 47 49 50 52 53 54 58 59 61 66 71 73 75 76 77
1 49 1 2 3 4 5 8 9 10 12 13 15 18 19 21 22 24 27 28 30 31 32 33 35 38 39 40 41 42 45 46 49 51 52 53 54 56 57 58 59 60 61 63 65 67 69 70 71 72 73
1 39 1 3 5 6 9 11 13 14 18 22 24 25 26 28 30 31 32 33 34 35 36 37 38 42 43 45 46 47 48 50 51 53 54 55 56 57 59 61 62
1 22 1 2 3 6 9 10 11 13 15 16 21 22 23 26 30 33 34 35 36 37 38 41
1 50 1 2 4 6 7 8 10 11 14 17 20 21 23 24 27 28 30 32 34 35 36 38 40 42 43 45 46 47 48 49 50 54 56 59 60 61 62 63 64 65 66 67 68 69 70 71 72 73 76 77
1 26 1 4 5 7 9 10 12 13 21 24 25 26 27 28 29 30 31 33 38 39 45 46 47 48 49 50
1 13 1 2 3 5 6 8 10 11 15 16 18 20 22
1 60 1 3 4 6 7 8 9 10 12 16 18 19 22 23 24 27 29 30 31 34 35 36 44 45 49 50 52 53 55 56 57 58 60 61 62 63 68 72 73 74 75 77 78 85 86 88 90 96 97 99 100 101 104 105 106 107 108 111 113 115
1 66 1 3 5 6 7 10 11 12 13 14 16 18 19 20 24 25 26 31 32 33 35 36 37 38 39 41 42 43 44 47 49 50 51 52 53 55 57 58 60 61 69 70 71 72 73 74 75 76 77 78 79 80 84 86 88 89 90 91 92 95 97 98 104 105 108 109
1 60 1 2 3 7 8 9 10 14 15 16 20 22 23 24 25 26 27 28 29 30 31 32 33 36 38 39 40 41 42 44 45 47 48 49 50 51 58 59 60 61 62 64 67 68 69 71 72 74 77 78 80 81 84 85 86 87 91 94 95 96
1 36 1 2 3 4 5 8 9 10 11 12 15 17 18 19 21 22 23 24 25 28 31 32 33 36 38 43 45 46 47 48 51 54 56 57 60 63
1 8 3 7 8 9 10 12 13 14
1 63 1 2 5 8 9 11 12 13 14 16 17 20 22 24 25 27 28 29 30 33 34 35 36 37 39 40 42 43 44 45 47 48 49 52 53 54 55 60 61 63 64 66 67 68 70 71 72 73 74 75 78 79 81 82 83 88 99 104 107 108 109 111 114
1 64 1 2 4 5 6 8 9 10 14 16 19 21 22 23 25 26 28 30 32 35 37 38 40 42 44 46 47 49 51 52 54 55 56 58 59 62 63 64 67 70 71 72 73 77 78 81 82 83 84 85 86 90 91 93 94 96 98 99 101 102 103 105 106 107
1 27 1 2 5 6 8 10 11 14 15 16 18 21 22 25 26 28 30 33 34 38 39 41 42 43 44 45 47
1 32 2 5 6 8 12 13 14 15 16 17 19 21 24 25 26 29 30 32 34 35 36 38 39 40 41 42 43 44 46 47 48 51
1 13 1 2 4 6 8 12 14 15 16 17 18 19 20
1 66 1 2 3 5 7 9 10 12 13 14 19 21 23 24 25 26 27 30 32 33 34 35 36 37 38 41 42 43 44 46 47 48 51 55 57 58 59 60 61 62 67 69 70 71 72 73 74 75 76 78 80 82 83 84 87 88 89 90 91 92 94 96 97 101 102 103
1 28 1 2 3 4 9 10 11 13 14 16 19 20 23 24 28 30 32 33 34 38 39 40 41 43 45 46 47 48
1 30 1 2 3 4 8 10 12 13 14 16 18 21 23 24 25 28 29 30 32 33 35 36 37 38 39 40 46 48 50 51
1 50 1 2 3 4 5 6 7 8 10 11 12 15 17 20 21 22 23 24 25 26 28 30 31 33 35 36 37 40 41 44 46 51 52 53 54 55 56 59 60 61 63 64 66 68 69 70 73 75 78 81
1 20 4 5 7 8 14 16 17 19 20 23 25 26 28 29 30 31 33 37 39 40
1 28 1 2 4 7 8 9 10 11 12 13 15 16 17 20 21 24 25 26 28 29 30 33 36 38 39 42 44 45
