1000 11630
386668 16
151183 -13
117806 7
93519 -50
635952 47
324240 -9
337756 -37
621115 -36
391936 42
642339 42
364547 8
82590 -40
43603 43
222998 -26
25275 44
89704 8
413112 44
383267 48
174785 -22
226536 -16
14252 -30
270063 9
50991 43
347699 43
303081 39
382326 10
310660 38
479946 16
643936 48
7635 36
218274 46
133830 -22
21963 -3
105590 -4
600400 9
6810 -21
372326 -26
122497 -21
221917 19
357174 -36
135026 -49
9617 -20
339952 35
23781 3
527034 -44
162774 -43
572906 43
180009 -2
202508 -37
44547 10
46507 -49
173623 18
104177 10
154516 49
581993 12
528805 -29
115020 5
325413 34
315726 -19
627020 -3
48186 43
471207 -4
337107 -37
271730 -5
120784 -36
549165 23
239319 11
626587 -40
240943 -22
542341 -33
185916 7
476069 -9
446470 8
517799 -12
618880 -14
423495 -47
261839 -17
118444 -1
123067 12
216708 -42
519272 -12
493453 24
32138 3
543218 -39
136419 -22
316462 -30
253151 -43
584305 8
95015 37
146402 17
459871 28
149577 -30
516126 49
628781 -3
416649 27
589281 20
443173 7
92114 48
402779 6
59411 -37
125371 -44
371070 -12
554518 48
639814 -33
521590 -18
30415 9
450810 39
34727 -3
372026 49
250812 49
237949 10
469135 -4
626022 18
104617 46
157637 12
335602 28
427527 35
251124 -32
589646 -23
350023 8
406598 -3
359229 -16
555327 -22
276962 -35
411422 -7
131966 19
230673 -11
162421 21
537818 -40
478230 2
304066 -35
455876 -4
369693 -31
85726 -31
148858 -31
124004 -30
617101 -14
156381 -47
35161 11
401803 27
613410 -36
319010 -20
51897 -4
350589 -15
91351 3
433960 -31
324563 5
111315 -45
604816 42
277926 -42
527876 -46
5091 27
468590 -7
596263 23
285258 35
160631 44
578057 -33
443493 13
64536 -39
447094 15
432511 -35
615957 -22
278370 4
526080 -35
47248 46
258299 29
249007 -46
205053 16
131247 43
193773 -15
107585 -4
610883 31
625299 -46
88286 -40
213137 26
369178 -38
503268 9
265908 18
161685 24
53817 -37
451459 -2
20122 -17
568032 -28
605320 -43
637802 16
225942 23
52932 -17
21416 30
594832 -24
378175 -41
140508 39
405045 -21
490416 -21
606415 -48
498403 33
80324 23
430132 -28
138089 -32
295155 -37
368195 42
177178 14
25775 -40
72545 14
215376 -33
553038 18
506446 -23
482474 -22
534339 45
183630 -25
610518 17
394083 -31
114131 -46
269739 -5
408533 -26
186369 49
376635 50
551803 -32
593752 -32
17664 17
539177 2
566308 47
79349 43
420349 -48
164967 -36
565710 -18
206144 24
532501 37
314260 35
252578 8
169126 11
437616 36
18583 5
211613 22
614947 -44
562896 -22
435267 -5
11503 -48
98998 -41
621846 46
313285 -1
645689 50
95432 33
279305 12
228236 -41
61775 48
49694 -25
54715 -10
432905 19
326189 11
240447 32
43242 -24
494842 31
356425 -36
617637 -26
590688 -6
361976 -19
146038 43
381678 26
462540 16
342383 -33
84887 -47
499691 23
466905 -21
230104 -14
196355 -4
585089 12
477840 27
586762 -41
405479 -21
572318 7
332195 -18
402241 -10
405962 9
138839 -28
469526 46
291361 19
94191 -36
627804 16
15845 25
417175 1
113370 32
248214 -21
449471 -10
453927 -33
78758 22
597095 4
590348 19
532126 -47
493905 16
187802 38
106062 -31
323924 1
343437 41
231925 11
579292 23
515615 7
262521 21
178013 -26
636484 -28
349279 35
427880 -18
34058 8
57342 -13
185497 -12
39375 41
168366 -21
37197 -43
36608 45
566657 30
642863 -17
639237 -42
305803 46
568962 44
165628 -30
511935 -3
100699 -24
540387 47
434662 49
564868 38
209112 49
559195 -34
1805 12
197078 -23
536639 -47
276375 27
96484 32
399349 -1
451119 1
317845 -16
623843 49
125841 -9
67279 -23
44940 -19
163572 -11
158795 -4
259417 17
363911 31
79786 44
280214 -20
404365 5
6043 -13
502909 26
255379 1
401428 32
597869 30
254621 47
128833 -12
194766 41
141999 -16
66599 25
554004 -37
425482 15
311577 -28
139418 47
636972 -29
38767 -25
310982 -8
443839 -36
282828 -4
379995 -26
422729 16
206449 -29
119275 -32
535988 -8
539792 -21
524381 41
62255 -29
419529 18
583324 -26
57768 -19
234721 20
403432 -39
426192 26
546964 -26
558317 7
270678 -17
511178 49
557325 -7
611854 -35
201027 -42
147605 12
646026 49
15094 -7
591242 -8
445762 46
454420 39
632491 -11
115885 -22
385736 33
627464 -28
217660 -14
495770 -21
306918 17
214779 4
574479 -4
345566 32
392859 11
224970 11
313617 -39
180694 -20
435832 3
623022 -49
56578 -48
102239 20
391118 -6
410436 -35
351365 -2
507088 -16
244483 9
28485 9
537364 -38
256045 11
608199 -48
8247 -11
516446 -5
624688 -3
574155 -32
471962 43
144256 -22
204375 30
399853 -9
496476 -29
148090 -27
256828 25
393736 -1
213580 -29
360928 -20
633280 -23
505462 -33
408877 24
464116 48
26906 -26
99865 15
569846 21
97565 15
339161 17
531540 34
457423 18
252107 -6
587101 -11
242307 11
541784 9
621542 9
323095 -13
152176 -17
86955 -14
545858 22
155904 23
281994 28
155345 14
145135 9
117330 -36
355651 -15
333170 -7
132484 -46
37554 40
439762 -33
514940 18
92727 45
481501 -17
177590 -20
580679 17
630712 10
266858 19
312446 39
158088 -5
275393 10
584677 23
573510 -49
263696 3
442212 21
327042 -20
513212 15
223555 14
95934 -48
140066 30
227236 28
501934 22
98691 9
599281 36
253815 -13
-427 33
287573 3
327936 32
87930 18
359692 -6
159756 7
267402 -22
260954 -42
190276 -31
274458 -2
484661 43
50022 -10
142945 -23
109823 15
153743 -20
74421 -15
487248 -38
232551 -24
489405 -41
334666 -41
147123 24
36205 -28
314817 -31
100342 21
530762 34
212252 -30
556366 25
60492 -33
285934 10
76384 -12
421735 -39
289733 46
73846 26
579595 -18
458385 48
483260 23
104933 -41
561457 -35
375698 48
199409 18
365234 -24
75663 49
488136 -47
631524 47
577106 -1
70476 -33
388764 47
300662 -3
19424 43
465439 -44
441371 -3
200588 -9
56189 -29
171499 -24
363339 -7
544104 -50
273701 31
332812 20
298693 -5
245145 7
358745 47
348765 -24
640269 15
345228 46
427101 -27
367449 -28
641582 16
601460 38
362723 4
2615 -18
384237 -19
271157 -50
476610 39
570714 -14
90583 -39
55605 39
243479 -4
63735 42
473229 13
445327 1
333972 24
233751 -12
588316 34
176493 -21
395567 -26
634594 -46
307261 37
60980 -19
379038 -43
466232 35
380958 -14
52522 21
509788 -50
436789 -15
58224 10
395153 -28
472736 28
598811 32
10691 47
603083 -9
418674 -18
555814 40
571854 -18
475076 -41
214007 8
284180 -20
298327 -43
3841 -22
172346 49
263269 -47
462148 26
347080 3
444454 44
210629 41
578647 -12
81237 -3
394827 40
477240 -27
308839 -20
108841 6
82944 -20
351989 45
616601 33
368830 13
227778 -50
1347 -1
453193 -34
500061 -1
552114 3
86117 -42
40343 42
101826 -1
331359 -9
304882 25
106726 -7
77152 -10
344582 11
37928 -44
249742 14
459083 13
-20 7
74984 8
495366 12
606720 -26
518530 23
438584 -3
486496 30
299432 18
635307 -11
97967 10
197452 9
59033 4
501530 36
485656 46
224334 -50
182122 -5
560901 -21
480273 36
50405 -5
133151 2
246895 -19
134708 25
478767 -49
175301 -36
16820 -15
243911 -26
560377 24
431529 -19
215787 4
373827 -24
526631 -30
329918 -41
233110 -36
340931 6
414858 36
69573 17
600916 -35
299802 34
318322 17
428425 14
77787 -17
172812 -41
398414 15
71670 -50
268953 12
203421 33
207407 44
460782 33
81779 23
509144 -44
301647 -24
184385 12
388032 -23
297027 1
157107 14
292357 -24
429678 28
283566 48
166459 25
355112 -34
49051 -11
468035 26
191125 31
367065 2
430588 -27
16341 -48
494420 47
615575 43
286791 -46
582443 39
259084 -36
245948 -1
361485 44
523143 -34
134287 -50
4738 25
348354 9
242738 -44
112194 -25
341829 -29
387511 47
26365 -8
238760 30
521961 -48
68811 49
150661 -13
433646 9
161304 34
549855 42
218892 -16
59880 12
336576 18
238398 2
170983 11
521187 -27
150081 -24
440632 18
352524 -6
198655 33
3173 6
525106 -18
234392 23
179600 -37
400703 -7
178719 -2
390458 -45
286424 -36
547296 -30
136767 -9
576227 -36
414029 19
235986 41
316043 48
563769 -33
603883 -11
330700 22
609603 -40
264470 -37
27679 5
193053 -36
85408 9
360239 25
574784 10
365638 -9
644874 -50
101302 -34
629721 33
585919 3
343771 -50
293705 -50
499022 -47
634225 -41
415710 23
210006 -38
295671 -44
188485 42
461830 -48
614092 6
121954 40
189844 36
284646 39
296047 -42
559596 38
265196 -29
108239 24
126418 10
229417 8
237514 11
516866 -24
111832 -41
199952 -27
294585 -40
319413 -19
609009 -19
209645 -50
181193 23
533176 44
641154 -21
28925 26
581094 -26
533491 -20
580013 9
119877 34
437974 -26
508467 -41
493136 40
448715 -9
407237 40
408019 43
496902 37
374625 -5
550839 26
42752 13
143921 5
228609 9
130302 24
595410 3
127841 -7
31397 -3
281016 -25
409198 34
272986 18
73045 9
592823 -40
467718 -29
322137 -16
306553 1
112523 26
447938 -25
564374 19
546378 -20
135725 1
571101 7
396439 3
599775 2
13345 16
88976 31
412633 40
372828 -9
428968 -9
616267 33
474114 12
338572 -47
442832 21
548224 -10
490962 33
129332 27
377278 -26
591738 -24
544764 23
358102 -41
289307 -46
411906 44
562342 45
13696 -32
110333 44
195202 5
491600 44
175994 14
622234 -23
10095 -35
452372 6
41111 -24
620221 30
489017 47
602126 27
124601 14
513992 50
174424 -34
638493 49
83929 14
643600 7
241310 36
492799 -6
484247 -21
247872 44
212750 -7
354681 -39
239951 36
32919 -12
567611 19
619625 26
182942 -48
354173 -16
235544 -26
450452 20
220237 -29
9234 39
587929 41
529713 -21
207072 -33
68200 32
456871 -40
467357 38
353243 -19
35477 -1
201794 39
272198 11
195860 -31
33241 -49
236440 9
438916 -34
497854 17
309783 -11
167817 48
236952 6
30994 -19
607532 -45
479121 26
528370 18
21067 11
191784 3
221090 41
189293 31
116876 9
140922 -26
504914 44
302344 -25
375350 24
575720 1
505 19
470493 -29
465036 -18
389682 -2
65979 20
164117 10
606107 5
231387 -32
205485 43
121627 -31
290622 3
257513 -37
170115 19
420863 20
512739 35
288525 -11
480620 37
497515 -17
447582 5
41959 -50
617972 -6
592135 46
545158 -1
541289 -8
510859 48
18099 -20
424684 34
219643 -27
127039 1
328660 25
103194 -11
523816 -39
29642 -25
612721 47
530382 -43
321189 -27
187177 48
71355 -18
535296 45
141554 -16
536997 34
503954 49
97196 15
491970 -26
346221 36
463257 16
538395 -17
410105 -36
22810 33
12389 12
455168 -35
24594 -7
461094 34
392486 50
398954 -3
594329 -7
222294 -15
384701 -16
522778 -6
65357 -39
501054 32
166897 2
320371 45
370408 12
260223 -37
292947 10
268273 45
520245 25
102725 -38
63105 -25
192186 -33
208236 -18
137522 -44
385033 -28
316853 -33
343067 36
198322 -18
417808 8
366595 39
413602 36
308102 7
250119 -37
329242 9
489975 47
507617 -25
312139 -5
524797 30
510216 32
424066 -40
-793 -12
397590 -22
396910 29
568576 -14
152940 -9
185020 25
449045 35
505885 -8
297575 16
45507 4
